-2938
-2937.46
-2936.96
-2936.05
-2935.54
-2935.07
-2933.99
-2933.11
-2932.51
-2931.68
-2930.55
-2929.72
-2928.16
-2927.48
-2926.64
-2925.88
-2924.5
-2924.29
-2923.26
-2922.45
-2920.98
-2919.1
-2918.04
-2917.28
-2915.87
-2915.04
-2914.22
-2912.01
-2910.49
-2909.48
-2907.28
-2905.66
-2904.14
-2902.26
-2900.43
-2898.76
-2897
-2894.34
-2893.45
-2891.87
-2889.07
-2886.6
-2884.47
-2882.36
-2879.92
-2878.48
-2876.48
-2873.88
-2868.73
-2867.47
-2866.09
-2861.84
-2859.9
-2854.13
-2852.24
-2851.6
-2846.87
-2844.52
-2841.33
-2838.27
-2837.27
-2833.79
-2832.09
-2828.5
-2825.72
-2821.66
-2814.35
-2813.13
-2809.65
-2800.93
-2795.08
-2792.6
-2788.6
-2786.58
-2786.92
-2779.66
-2777.67
-2777.51
-2772.59
-2768.46
-2760.99
-2759.18
-2753.74
-2751.6
-2752.47
-2747.41
-2744.18
-2737.11
-2724.27
-2719.26
-2722.6
-2720.26
-2715.89
-2720.31
-2717.04
-2706.81
-2699.9
-2699.57
-2699.81
-2694.77
-2688.61
-2697.75
-2705.91
-2705.23
-2700.84
-2692.52
-2690.26
-2681.3
-2672.94
-2666.6
-2663.52
-2664.97
-2661.77
-2650.51
-2644.79
-2645.22
-2639.98
-2636.62
-2635.63
-2641.83
-2635.04
-2627.18
-2630.27
-2631.76
-2623.21
-2613.55
-2606.55
-2605.31
-2598.07
-2594.04
-2607.96
-2604.24
-2598.25
-2590.9
-2587.96
-2586.23
-2584.52
-2585.09
-2587.85
-2582.71
-2583.15
-2577.79
-2572.24
-2561.88
-2535.96
-2538.48
-2535.9
-2534.48
-2541.89
-2533.73
-2516.71
-2520.47
-2514.83
-2506.99
-2509.43
-2502.71
-2493.87
-2486.6
-2500.86
-2482.97
-2479.08
-2466.74
-2464.56
-2473.18
-2467.83
-2482.2
-2458.75
-2451.81
-2436.05
-2451.62
-2456.39
-2448.82
-2447.32
-2436.53
-2417.7
-2412.51
-2405.48
-2400.2
-2396.35
-2391.89
-2382
-2382.27
-2381.94
-2373.02
-2353.35
-2365.76
-2378.14
-2385.61
-2391.97
-2407.13
-2403.5
-2388.93
-2397.48
-2397.28
-2396.36
-2401
-2395.68
-2395.22
-2378.87
-2395.58
-2409.19
-2398.81
-2400.39
-2403.71
-2402.8
-2404.68
-2390.52
-2396
-2391.14
-2386.71
-2387.98
-2385.73
-2379.69
-2389.42
-2401.33
-2386.96
-2364.69
-2381.59
-2386.92
-2385.66
-2372.57
-2362.3
-2370.86
-2375.17
-2385.54
-2379.7
-2365.1
-2353.1
-2355.6
-2356.83
-2369.02
-2372.3
-2367.6
-2369.23
-2365.59
-2356.95
-2338.25
-2341.56
-2334.05
-2318.07
-2319.89
-2310.2
-2292.9
-2285.68
-2278.46
-2259.87
-2271.74
-2255.45
-2234.86
-2209.43
-2212.3
-2213.31
-2219.02
-2210.58
-2220.42
-2217.65
-2214.03
-2204.47
-2194.33
-2177.62
-2164.97
-2139.38
-2129.31
-2133.42
-2109.66
-2111.46
-2103.9
-2081.38
-2076.59
-2024.41
-1985.55
-2002.17
-2001.53
-2021.7
-2023.4
-2017.09
-2020.35
-2060.6
-2058.76
-2049.23
-2056.54
-2055.65
-2045.02
-2050.31
-2026.96
-2041.49
-2057.12
-2048.77
-2045.41
-2031.79
-2024.65
-2030.39
-2020.3
-2029.17
-2021.3
-2019.09
-2010.41
-1984.4
-1994.64
-1945.83
-1961.24
-1960.51
-1944.91
-1960.03
-1965.73
-1938.23
-1933.93
-1911.12
-1886.72
-1883.23
-1860.26
-1812.47
-1810.68
-1805.52
-1796.25
-1800.55
-1800.52
-1802.04
-1774.31
-1782.82
-1764.12
-1736.83
-1740.43
-1747.89
-1725.77
-1706.93
-1709.64
-1772.7
-1782.19
-1787.5
-1815.05
-1813.34
-1804.03
-1802.32
-1797.63
-1794.05
-1829.93
-1810
-1804.6
-1829.81
-1834.38
-1849.99
-1814.18
-1788.48
-1770.48
-1800.53
-1798.35
-1748.07
-1673.57
-1730.34
-1730.35
-1728.76
-1717.19
-1718.35
-1702.64
-1700.53
-1708.6
-1639.21
-1663.95
-1643.48
-1628.04
-1662.23
-1717.24
-1715.98
-1718.01
-1717.96
-1721.94
-1772.39
-1768.53
-1764.29
-1801.08
-1778.19
-1760.32
-1753.22
-1764.88
-1748.53
-1733.08
-1723.37
-1759.08
-1739.96
-1755.33
-1720.93
-1757.73
-1712.85
-1701.31
-1744.71
-1732.1
-1733.52
-1722.37
-1728.15
-1701.55
-1687.47
-1711.7
-1717.18
-1691.7
-1685.35
-1681.02
-1698.67
-1722.32
-1701.77
-1726.51
-1697.82
-1684.39
-1663.94
-1671.24
-1727.55
-1751.81
-1734.16
-1723.18
-1713.29
-1694.19
-1713.71
-1685.58
-1678.86
-1674.91
-1663.78
-1672.4
-1653.11
-1656.03
-1662.67
-1658.27
-1639.22
-1638.45
-1613.78
-1586.66
-1585.91
-1594.55
-1598.69
-1508.16
-1487.02
-1490.38
-1503.87
-1537.52
-1532.5
-1531.15
-1523.7
-1536.92
-1519.3
-1488.27
-1507.44
-1495.7
-1496.62
-1513.51
-1512.52
-1504.77
-1543.09
-1547.61
-1510.88
-1527.25
-1524.66
-1517.77
-1538.62
-1508.22
-1508.45
-1580.54
-1597.01
-1581.91
-1607.1
-1601.83
-1601.4
-1609.21
-1625.39
-1625.06
-1621.84
-1597.93
-1580.7
-1565.52
-1566.64
-1554.13
-1547.79
-1599.57
-1544.34
-1574.97
-1579.44
-1564.13
-1555.42
-1579.94
-1597.78
-1600.75
-1632.39
-1586.6
-1558.78
-1553.67
-1547.42
-1548.24
-1511.68
-1500.84
-1519.5
-1528.98
-1486.68
-1498.78
-1481.95
-1471.32
-1509.48
-1485.89
-1497.25
-1468.84
-1450.9
-1454.35
-1397
-1370.4
-1360.07
-1350.13
-1353.57
-1364.41
-1397.22
-1359.68
-1325.62
-1371.3
-1370.39
-1071.18
-1118.46
-1064.23
-1073.33
-1079.08
-1087.76
-1085.32
-1056.66
-1036.16
-952.578
-971.424
-944.421
-934.618
-922.049
-924.473
-908.733
-1056.64
-1009.69
-992.184
-947.231
-940.863
-973.001
-1032.47
-1032.92
-918.505
-926.397
-987.249
-980.501
-974.158
-986.973
-992.4
-975.17
-566.687
-616.325
-520.446
-470.226
-510.513
-547.22
-502.704
-502.758
-777.413
-804.301
-825.508
-847.555
-858.821
-850.797
-905.847
-907.551
-895.539
-916.33
-936.606
-964.946
-967.781
-1004.49
-947.53
-992.029
-982.115
-998.185
-1024.39
-1022.79
-1053.18
-1028.23
-1067.08
-1058.17
-1048.68
-1031.11
-1035.43
-1058.94
-1055.06
-1052.59
-1089.2
-1081.82
-1076.32
-1078.25
-1060.87
-1031.98
-1019
-1032.83
-1041.33
-1237.58
-1299.27
-1292.71
-1342.23
-1367.46
-1401.36
-1407.72
-1414.44
-1399.21
-1356.33
-1306.82
-1315.58
-1341.72
-1327.81
-1352.97
-1308.09
-1267.11
-1219.37
-1218.75
-1229.71
-1225.83
-1237.58
-1210.96
-1231.56
-1261.58
-1243.67
-1249.43
-1167.05
-1135.59
-1125.72
-1119.8
-1121.22
-1161.56
-1153.21
-1048.11
-1066.26
-1063.2
-1057.32
-1055.28
-1034.25
-1153.14
-1141.5
-1144.99
-1013.53
-1140.11
-1134.74
-1178.88
-1182.7
-1159.28
-1021.49
-1045.92
-1088.59
-1103.99
-1086.27
-1109.09
-1106.08
-1134.16
-1140.28
-1134.62
-1144.93
-1139.29
-1176.98
-1186.89
-1296.84
-1323.55
-1334.46
-1314.25
-1344.51
-1348.63
-1345.51
-1332.6
-1337.93
-1352.04
-1333.17
-1323.21
-1270.79
-1221.68
-1217.73
-1223.52
-1227.91
-1181.55
-1186.12
-1228.33
-1233.18
-1246.61
-1268.81
-1245.27
-1214.64
-1187.87
-1182.73
-1205.01
-1182.58
-1187.91
-1205.75
-1241.56
-1202.92
-1177.67
-1107
-1101.65
-1083.89
-1067.43
-1058.2
-1058.09
-1033.37
-1014.79
-997.708
-976.962
-985.107
-1002.91
-1005.47
-992.383
-951.881
-882.226
-870.955
-869.436
-872.115
-765.646
-743.606
-761.185
-749.258
-755.57
-808.31
-724.49
-762.506
-702.486
-705.222
-702.663
-690.082
-638.162
-636.967
-596.004
-579.255
-621.577
-646.233
-668.633
-721.07
-684.82
-671.115
-640.797
-645.452
-567.302
-594.902
-520.613
-517.89
-545.057
-452.731
-457.147
-465.249
-132.299
-110.85
-84.4355
-50.5714
77.9322
103.397
83.7272
196.334
201.01
280.8
243.385
258.971
-27.0808
-60.4327
-5.87656
-102.19
-116.184
-124.455
-287.753
-193.084
-197.121
-203.602
-254.968
-260.647
-322.027
-330.921
-372.206
-318.718
-315.053
-316.594
-269.658
-288.339
-288.734
-331.047
-325.606
-323.324
-297.236
-236.595
-216.974
-202.165
-214.747
-209.691
-234.42
-210.903
-200.697
-135.463
-136.249
-110.907
-121.458
-114.55
-69.2935
-64.5462
-61.2076
-127.968
-85.5288
-82.9647
-161.295
-188.393
-280.085
-301.149
-321.438
-350.729
-350.352
-366.465
-407.863
-455.327
-485.672
-518.34
-515.254
-549.177
-552.178
-529.473
-520.124
-544.127
-557.809
-576.389
-624.492
-560.666
-571.761
-489.448
-547.528
-606.44
-631.991
-621.119
-601.386
-596.125
-586.316
-571.69
-562.749
-584.537
-531.797
-568.966
-519.838
-477.038
-469.984
-509.124
-504.194
-472.174
-483.275
-379.512
-339.246
-326.09
-306.367
-289.022
-291.23
-279.353
-278.847
-300.91
-315.466
-345.078
-390.748
-356.491
-329.711
-341.972
-268.471
-206.781
-250.52
-269.012
-329.122
-300.716
-266.827
-185.36
-117.215
-147.492
-146.314
-160.199
-258.931
-214.281
-263.286
-303.225
-310.291
-135.131
-143.423
-123.07
-81.0311
-158.167
-203.774
-101.62
-176.209
-177.869
-147.082
-72.5439
-52.7568
-47.5027
-64.9048
-102.186
-113.572
-134.558
-64.9498
-65.244
-145.516
-123.296
-137.908
-126.542
-145.335
-122.544
-146.587
-85.7449
-94.9994
-42.2556
6.40547
90.6425
17.2344
58.6928
14.5671
-64.6815
-78.4223
-111.299
62.3585
137.683
107.438
176.721
168.533
232.912
266.943
280.546
287.743
244.261
239.065
173.773
178.887
198.521
199.019
130.129
125.015
170.025
193.641
188.579
178.803
202.289
242.827
251.131
129.069
118.813
115.997
125.38
136.633
59.2576
55.0445
39.2468
51.1639
54.6384
71.4388
-3.01442
29.1405
56.5737
64.922
145.794
153.253
133.688
86.8563
79.8679
105.554
151.127
119.351
113.209
154.838
169.679
175.274
138.318
145.893
77.8321
107.507
86.823
18.618
1.19016
-38.0471
-117.181
-158.049
30.3406
46.026
59.9986
70.24
37.8659
77.9088
20.0173
43.4899
58.7417
147.774
69.6092
242.778
145.337
68.2718
145.319
115.689
158.951
135.801
136.803
116.3
118.146
160.879
134.288
114.147
128.438
131.284
213.309
214.676
229.249
183.921
348.491
342.6
331.436
288.182
329.022
307.2
371.917
264.052
12.6015
9.5995
53.9433
4.40187
15.5267
19.8164
28.0654
37.6026
-2.6776
14.5727
187.348
102.886
56.411
89.9372
108.522
159.672
162.339
126.492
61.0541
80.1403
138.149
141.008
158.044
169.697
166.104
148.35
169.245
50.5324
-74.1171
91.9934
224.612
169.459
214.462
219.126
197.751
195.587
340.274
455.887
617.296
690.454
701.498
801.147
884.485
1159.35
1169.31
976.048
1087.14
1176.43
1230.61
1013.08
1077.23
1187.7
1151.88
1286.26
1222.03
1054.07
987.53
1006.99
994.158
860.72
896.454
936.484
970.701
896.253
882.268
867.507
857.591
870.062
876.694
841.287
768.54
810.468
828.954
1006.3
987.032
1094.78
1096.96
1139.8
1020.99
1174.62
1204.59
1216.9
1419.59
1417.37
1450.03
1558.1
1495.81
1481.17
1519.42
1503.05
1478.96
1591.57
1561.94
1637.61
2113.28
2163.8
2163.36
2221.09
2159.59
1530.72
1488.67
1456.4
1495.59
1486.06
1381.17
1366.84
1484.39
1418.23
1309.15
1311.42
1299.18
1293.25
1370.89
1336.09
1234.91
1128.38
1274.78
1275.09
1263.65
1294.81
1252.86
1256.47
1438.01
1408.77
1413.92
1401.71
1393.08
1409.97
1427.59
1472.75
1489.93
1538.72
1555.72
1573.95
1378.07
1608.13
1687.93
1668.73
1833.12
1873
2035.64
2013.5
2044.84
2072.37
1982.01
2030.13
1979.62
1939.12
1886.56
1639.87
1611.73
1710.56
1694.79
1736.34
1659.02
1765.04
1656.62
1625.92
1620.83
1750.53
1754.94
1730.43
2020.27
1941.91
1931.55
1906.98
1912.85
1686.69
1748.84
1773.77
1690.45
1487.15
1445.78
1462.98
1494.63
1313.38
1259.59
1197.81
1322.94
1290.2
1295.26
1015.99
1004.93
1286.3
1298.29
1324.28
1260.75
1267.68
1475.35
1545.17
1572.22
1608.97
1508.41
1441.14
1336.28
1306.71
995.589
933.35
913.742
1096.03
1088.31
1131.85
1152.28
1138.56
1112.9
1104.08
974.117
1063.61
956.066
1111.46
1102.88
931.3
1086.59
880.011
968.327
749.826
651.765
636.108
651.038
597.181
595.385
548.65
501.447
468.962
421.744
350.594
335.563
428.989
453.518
436.456
459.529
423.62
387.852
255.516
236.733
156.193
333.052
328.215
258.669
403.293
462.244
461.578
434.464
430.122
490.184
485.309
471.024
685.438
933.027
1158.15
1129.85
1113.34
1170.81
1199.88
1379.98
1416.17
2348.35
2021.08
1942.91
1921.3
1963.17
1993.37
1968.94
1954.99
1666.24
1637.37
1507.38
917.243
903.386
883.674
869.214
674.174
700.109
700.106
647.535
648.062
595.162
1068.98
1074.97
1039.43
1069.32
1096.32
828.942
816.009
1267.88
1096.82
1047.98
767.966
742.24
825.043
901.352
683.407
452.799
436.364
500.604
533.852
525.992
548.82
558.948
499.829
513.919
513.397
568.946
552.85
564.358
591.757
566.177
508.081
517.09
536.863
540.774
611.397
620.098
640.556
668.585
694.147
789.073
868.306
788.841
842.028
868.48
768.244
790.795
764.224
785.332
719.09
739.139
773.698
748.452
900.216
960.908
962.586
971.365
1375.13
1389.23
1499.86
1448.63
1405.03
1615.01
1350.23
1297.9
1324.98
1271.05
1524.47
1584.65
1365.87
1396.89
1371.35
1326.59
1145.56
1219.5
1144.87
1107.16
1157.95
1149.26
1169.71
1365.09
1399.59
1385.91
1397.17
1454.01
1308.27
1561.65
1386.33
1232.94
1075.6
1069.52
1074.01
1181.9
1151.14
1131.82
1176.78
1063.28
1136.63
1036.39
1097.28
1147.66
1268.13
1329.5
1465.11
1436.8
1440.07
1362.37
1184.56
1139.51
1044.23
1215.49
1125.08
1078.48
1065.08
880.688
838.176
913.419
1008.1
977.245
1108
1093.91
1096.58
1113.42
1135.28
1139.24
1116.91
1097.01
1247.54
1191.13
1193.61
1413.81
1480.35
1797.49
1804.18
1807.33
1802.7
1820.15
2534.79
2200.44
2260.11
2277.14
2242.81
2267.09
1868.67
1644.19
1495.33
1563.3
3719.24
3638.93
3580.17
3573.41
3568.51
3559.97
3731.19
3097.85
3236.39
3254.67
3137.11
3048.29
3089.92
6634.76
6580.64
6757.01
8737.91
8741.66
7271.76
7203.87
7012.03
5771.01
8120.35
8030
8029.21
8286.69
10427.8
10383.6
10435.8
10402
10395.8
5160.79
5182.33
5209.36
5132.86
4023.36
2450.11
2496.72
2433.76
2238.72
2288.08
2290.32
2261.87
1503.42
1499.31
1577.58
1560.05
1529.48
1535.37
1569.06
1534.46
1105.02
1087.93
903.196
967.662
921.378
966.271
1054.27
1027.27
976.677
976.166
1070.12
1029.43
1024.73
1055.62
1094.05
1006.9
1001.31
932.593
996.693
774.701
851.073
792.981
895.688
670.891
619.693
644.481
642.842
667.744
687.091
718.906
863.259
873.624
716.573
745.556
794.657
752.71
760.768
707.465
685.28
631.348
644.647
724.252
774.525
717.049
665.64
651.51
635.918
657.249
693.634
636.616
630.884
881.028
876.398
902.126
885.141
897.901
707.955
736.965
716.15
724.498
689.704
692.93
616.519
627.154
699.6
722.69
810.375
792.7
641.91
668.138
729.605
700.2
757.598
780.441
838.916
894.018
937.11
1014.93
1159.16
1355.3
1345.43
1355.49
1444.07
1414.26
1479.54
1449.21
1597.48
1598.92
1533.97
1624.39
1594.21
1634.11
1612.4
1630.34
1513.79
1549.12
1461.46
1347.38
1452.1
1540.54
1615.47
1611.93
1478.08
1295.92
1342.6
1311.95
1266.32
1217.71
1396.4
1445.38
1559.46
1653.78
1709.3
1661.56
1640.62
1649.62
1636.23
1577.24
1679.23
1787.22
1724.84
1511.22
1424.99
1375.33
1401.76
1295.71
1284.27
1310.01
1307.54
1500.84
1500.36
1547.1
1549.38
1468.36
1613.37
1596
1796.19
1735.13
1726.14
1480.39
1653.69
1711.98
1644.92
1558.26
1583.64
1547.21
1464.71
1498.32
1596.3
1595.19
1608
1698.52
1576.82
1441.77
1416.14
1372.4
1403.61
1343.68
1346.12
1342.61
1666.88
1681.51
1668.21
1686.56
1610.06
1716.71
1740.11
1717.86
1743.61
1878.49
1757.57
1750.9
1754.93
1746.75
1789.46
1784.1
2148.13
2172.2
2301.47
2316.78
2244.48
2264.71
2273.22
2118.26
2182.3
2360.57
2357.43
2378.65
2369.98
2362.16
2228.19
2260.76
2304.25
2181.37
2948.78
2897.84
2659.66
2547.3
2595.26
2667.21
2734.19
2655.97
2872.42
2728.19
2800.02
2943.38
2970.56
2887.03
3022.18
3218.59
3211.35
4219.25
4294.68
4277.69
3660.4
3640.52
3784.63
3603.9
3499.95
3179.6
3257.92
3268.36
3201.01
3267.25
3269.29
3339.5
3728.5
3932.52
3891.21
3710.1
3844.94
3115.37
3166.45
3198.03
3589.22
3570.86
3478.54
3548.04
3443.49
3429.16
3371.76
3377.34
3221.36
3841.36
4091.54
4016.62
3984.12
4029.66
3959.97
3934.2
3963.08
3739.4
3698.25
3708.29
3636.76
3675.13
3650.72
3614.09
3963.14
3766.64
3724.91
3816.96
3796.36
3888.8
3880.28
3836.35
3798.59
3679.76
3710.21
3724.12
3796.13
3762.42
3805.45
3778.36
3859.68
3244.91
3286.27
3633.82
3504.83
3468.15
4039.94
5125.85
8732.98
9209.74
9256.07
9264.38
9513.64
9562.37
12454.4
10470.8
10446.1
26665
26954.3
26891.3
26766.4
26876.2
26657.3
22523.9
24990.8
24908.5
25203.2
25295.4
25336.8
25510.3
25588.5
24524.4
24611.6
24687
25325.2
25545.3
25208.7
18574.5
18595.1
27258.5
27386.1
23795.5
10518.7
10526.3
10710.6
10702.8
10709.8
7542.51
6866.5
6891.63
6903.41
6886.38
6899.7
6372.81
6340.72
6480.08
6494.17
6552.31
6798.53
6795.39
6728.98
6690.26
6581.51
6314.94
6263.46
6393.92
6360.64
5609.02
5757
5772.83
5832.53
5956.58
5874.51
6013.07
5958.18
5923.62
6119.29
6059.57
5724.39
5799.84
5836.4
5703.88
5613.91
5697.41
5686.25
5292.5
5851.25
5804.36
5963.02
6036.36
6264.15
6490.93
6566.07
6445.04
6419.21
6204.49
6112.06
6195.51
6058.89
6354.75
6504.71
6945.84
7011.5
6963.67
7133.17
7163.43
7176.89
7239.22
7244.84
7200.15
7952.44
8174.86
8240.82
8915.5
10467
10339.1
10024.4
9992.68
10625.9
10582.9
10638.6
9589.41
9947.61
9988.24
11730
11932.3
11061.7
11016.8
10727
10672.2
10575.3
10779.9
10324.5
10446
11610.2
11284.2
11084.6
10801.4
10353.3
10604.4
10805
10178.5
9345.25
10881.1
13727.9
12823.1
12517.5
12499.5
12700.3
12531.8
9985.31
9987.34
9990.79
10554.6
10494.1
10552
10258.2
9841.39
9837.43
11416.9
11368.3
11344.1
11369.6
11345.5
11607.9
11864.8
11967
12246.2
11592.3
11696.9
10098.9
13446.6
13016.7
13028.1
13066
13160.1
13061.5
13039.5
13159.6
13157.6
13099.7
13127.1
14506.6
14579.1
13475
13717.3
13160.3
13231.4
13129.5
13096
14069.2
15014.7
14893.8
14947.2
14927.8
16917.9
13971.8
13879.5
16119.9
16062.4
16093.9
16007.6
15919.4
16323.8
16456.9
17421.1
16800.7
16924.1
16869.3
13715.6
14869.8
14783
13516.8
13513.3
13340.1
13408.9
13344.2
13177.4
13935.4
13845.7
13994.4
14243.2
14475.4
14431
14856.5
14770.6
14976.9
14838.7
14523
12060.2
11845.4
11633.5
11511.4
11543.8
13398.2
13753
14656.5
14456.6
14507.6
14578
12496.2
10122.4
9965.23
9772.74
9028.33
8998.96
8271.98
8339.09
8335.96
8499.74
12949.3
10534.6
10852.8
10970.9
11277.1
11974.9
12653.7
12616
12360.5
12191.6
12262.5
11234.4
11261.9
11105
11081.3
11120
11438
11557
10833.2
10492.6
10169.7
8027.31
11548.7
11122.7
12694.8
11950.2
12511.2
12581.2
13130.6
13624.4
13405.3
13374
13408.7
13312.5
12891.9
15391.8
15179.2
15128.8
14969.6
15002.9
14668.1
14936.9
14925.4
14958.6
15116.1
15105.6
13690.1
11412.7
11543.1
11495.4
11305.5
9251.64
9257.19
9482.95
9477.31
9038.42
9213.28
9279.6
9322.75
9433.15
9405.19
9588.29
9506.04
9339.56
9250.13
9305.96
8731.27
7243.11
7463.79
7334.98
6038.37
5755.55
5543.21
5766.51
5696.14
5742.32
5593.6
5759.79
5688.55
5518.45
5789.75
5906.99
6618.51
6179.75
6164.24
6158.95
5886.48
5550.37
5354.54
5464.39
5206.8
5384.48
5746.03
7321.83
7537.38
7869.25
7994.2
8064.3
8086.84
8149.83
8264.48
8232.8
8267.75
8441.06
8394.25
8118.84
7773.27
6717.44
6718.74
6722.49
6862.41
6896.07
6998.92
6810.7
7892.84
7835.53
7736.72
8720.93
8304.12
8071.44
8076.28
7819.91
7617.43
7074.31
6989.67
6989.72
7195.96
7187.49
7918.3
7624.53
7086.49
7176.1
7207.24
7179.15
6879.14
6986.93
6988.5
6994.84
7028.4
6992.62
7029.03
7149.48
7183.24
7147.65
7502.32
7632.57
7524.74
7557
7684.16
7755.71
7808.75
7920.65
8536.76
8573.94
9883.43
10577.8
11453.6
10519.1
10421.5
10241
9486.54
8578.36
8265.65
8503.65
8626.55
8708.4
7687.62
7674.01
7618.3
7503.81
7813.62
7641.66
7516.58
7612.42
8598.32
8598.63
8716.72
8693.42
9152.85
9108.28
9312.77
9185.88
9193.53
9143.41
8108.06
8066.52
8500.55
8206.4
8158.66
8356.82
8359.37
8325.57
8616.95
8504.26
8465.57
8366.9
8127.56
8122.22
8047.89
7997.47
8028.72
7967.54
8033.41
7780.14
7728.78
7746.96
7683.54
7545.44
7571.89
7463.09
7524.36
7609.1
7147.28
7763.08
7681.18
7771.64
7949.1
7900.27
7864.12
7922.81
7698.61
7990.2
7923.69
7521.95
7580.11
8065.26
8069.97
8289.81
7816.76
7429.3
7802.71
7514.54
8710.83
9185.7
9362.9
9368.93
10006.9
9935.67
9788.23
10301.9
9733.95
9649.57
8784.37
8235.94
8224.08
8300.43
8625.85
8506.12
8499.25
8157.52
8087.67
8131.26
7811.8
7880.14
7873.66
7847.9
8012.89
8194.93
8446.36
8471.56
8583
8318.19
8268.07
8113.53
8685.35
8756.44
8522.7
8530.32
9268.81
8752.16
9424.93
9701.8
9600.05
10192.2
10199.3
10212.6
11988.3
11946.8
11963.2
10198.1
10126.2
10162.7
11201.8
11620.5
11637
10983.5
11009.6
11046.3
11531
11627
11802.3
11870.7
12122.7
12330.7
12191.9
12108.7
12272.5
11776.9
11641.1
11582.3
11436.2
10428.8
10452.6
10294.8
10136.6
10907.2
10995.7
10876.7
10832.8
10882.7
10902.9
10232.1
10421
10236.9
10175
10263.5
11193.2
11216.1
11172.9
10719.4
10118
10049.4
9990.49
9910.22
9745.75
9730.78
9014.01
9261.86
8731.08
8240.55
8148.41
8070.71
8111.95
8979.69
8956.01
9044.47
9000.76
8973.95
8899.96
8683.76
8729.88
9116.75
9278.68
9248.17
8884.44
8899.85
8961.67
9014.44
8871.92
8489.05
8804.61
8860.58
8613
8574.23
8248.45
8337.41
8034.01
8610.4
8065.08
8046.85
8302.35
8150.26
8009.74
8076.48
7837.93
7747.65
7844.39
7723.85
7819.31
7634.2
7602.8
8048.65
8058
8254.47
8492.48
8447.66
8427.09
8411.56
8093.61
7824.23
7797.31
7765.65
7515.77
7278.53
7140.77
7004.49
7083.79
7116.79
7704.53
7838.46
7786.09
8039.97
7771.04
7785.39
7865.92
7690.43
7749.69
7666.28
7597.03
7541.63
7659.88
7727.43
8346.64
8138.16
8182.49
8270.88
8263.01
8204.44
8062.18
7926.06
7417.21
7639.53
8206.09
8349.69
8503.59
8047.6
7975
7790.5
7776.33
7982.54
7925.7
8108.5
7861.89
7479.43
7412.1
7314.12
7137.28
7338.71
7662.73
8039.87
7211.15
7149.84
7622.15
7553.61
8326.23
9023.05
8411.72
8344.02
9276.79
9831.14
10101.4
10559
9792.85
9951.71
10111.4
10131.5
10640
9006.11
8823.09
9077.48
9648.1
9450.68
9292.37
13583.3
13240.8
13352.8
13739.4
13466.6
13422.5
13197.3
13355.9
13441.8
13322.9
13501.4
13315.5
13484.8
14480.3
14660.3
14669.4
16025.1
15733.2
32797.7
32482.2
32971.2
32997.9
32550.2
32563.1
169693
169487
102492
103498
103489
103421
102728
102685
102009
101989
101739
101787
101744
101892
101954
101920
102316
102539
102388
102230
30534.8
30295.6
30274.7
30167.5
30150.4
29987.8
30402.4
13405.1
13514.5
13515.2
13672.2
13882.6
18225.4
18185
18026
18200.8
17838
17677.2
18242.7
18192.6
18622.7
42082
42423
42915.8
43075.3
43064.9
43959.7
44264
31296
31221.7
21642.9
21598.5
21628.6
21913.2
21941.8
23270.5
23340.4
23356.7
23286
17144
16108.1
14870.2
14217.6
14234.3
16592.2
16484
16024.5
14551.6
14569
14441.4
14341.2
22948.4
21264.1
21134.1
20968.9
20948.9
20922.7
21368.1
21462.8
23121.5
23678.6
23654.9
23869.4
23875.8
24073
19066.3
19353.3
19440.3
19359.1
19987.6
19198.4
19234.6
19372.7
19352.4
19113.9
34289.7
33825.8
33859.6
33753.3
33587.3
33552.8
52433.7
52544.5
52514.9
35204.9
35142.5
34924.3
24763
24911.7
24956.5
25000.6
25018.6
24842.7
24912.8
25022.7
24874.9
24929.8
24753.7
24793.3
25019.7
23179.9
23402.9
23485.4
23355.1
23236
21682.5
21580.3
21593.2
21577.3
21366.6
21581.1
21520.5
21514.8
21420.7
21489.2
21329.7
21318.8
19670.7
19755.3
19495.6
19362.7
19332.5
19561.3
13888.1
13889
13855.4
14002.3
14068.6
14168.1
12116.7
12028.1
12200.6
12601.6
12661.9
12925.2
12932.6
12793.1
13211.2
14315.3
14130.4
14173.2
14299.6
14383.5
14552.8
13248.6
13439.6
13998.1
13972.8
14730.3
13465.6
13357.1
13267.7
13492
12916.3
12956.8
16716.6
16836.8
14008.5
12676.4
12947.4
12498.3
12215.7
12167.7
11729.8
11531.5
11441.6
11060.4
11524.5
11579.8
11122.7
11290.7
12184.7
12286
12513.7
15031.7
14835.6
14224
14150.4
14146.1
14663.1
14103.2
14073.9
14254.3
14251.5
14007.7
14225.5
14422.5
13457.8
14860.6
14953.3
15119
14680.6
15587.8
15668.3
15684.3
16130.6
15811
15759.5
16095.5
16900.7
18808.7
18262.6
18311.8
18546.2
18432.6
18316.4
18630.6
19833
20382.7
23770.3
23101.8
22939.8
20832
17190
16593.8
16276.6
17130.7
20374.6
20203.7
20209.2
20498.1
20243.9
17215.7
17749.6
17559.2
17587.2
17220.7
17188.1
17276.1
18296.9
18476.3
17897.8
16936.9
16788.9
15838.9
15777.4
14831.9
14918.6
14814.9
14854.6
14412.1
14326.9
14331.8
14689.9
14763.7
14585.5
13871.6
12539.5
12583.8
12774.8
12769.3
13694.7
13627.7
13097.3
13039.1
12852.4
12822.1
12487.1
12445
12342.7
12042
12018.3
11789.2
11761.1
12006.6
12325
13412.4
13273.2
13281
13267.3
13600.4
13481
13527.6
12887.7
14502.6
15164.8
15072.4
14795.3
13745.8
13351.7
13248.7
13024.1
13685.5
14277.6
14446.8
15269.3
14864.7
14836.5
13959.2
13955.9
13534.2
12521.8
12644.6
12011.7
12274.7
12040.3
12881.7
12854
12858.5
12856
12883.8
12752.8
12669.3
12666
12435.7
12158.5
12105.5
11984.7
11354.6
11393.3
11236.7
11398.6
10666.5
11060
11477.7
11958.6
11511.8
11951.5
12219.2
11465.1
11568.4
11483.9
11527.7
11588.9
11644.5
11531.7
12183.8
12393.7
12447.9
11809.9
11918.8
11897.4
12296.6
12141.4
11558
11602.9
11530.5
11409
11486.2
11651.5
13002.9
13318.7
12024.6
11831.6
11959.6
12007.9
10952.5
11100.4
11173.2
11027.7
10999.3
11253.8
11265.2
11363.9
11236
12143.9
12156.8
12218
12177
11945.4
12056.2
12286.5
12558
12838.3
12294.6
12416.5
11924.3
11931.3
11759.5
11765.3
10956.9
10970.1
11335.1
11407.2
11597.2
11545.7
11939.3
11737.2
11847.3
11742.4
11438
11354.1
11380.7
11380.2
11546.1
11446.2
11785.9
11753.9
11805.4
12043.8
11814.2
11761.7
12057.4
11744.2
11064.6
10755
11128.1
11023.8
10758.3
10734.1
10514.7
11458.3
11551.6
11555.8
11398.6
11503
11416.9
11460.6
10992.8
11326.8
11526.3
11828
11992.1
11890.9
12544.6
12580.6
12559.1
12679.9
12731.5
12588.8
12989.8
12659.2
12553.7
13247.6
13337.7
13410.2
13902.8
13812.6
14511.7
14031.9
13719.7
13985.9
14472.4
14197.1
14005.9
13791.5
13886.4
14174.5
13882.1
13912.5
13860
13664.3
12520
12384.9
11498.7
11547
11896.8
12332.3
11671.7
11659.3
12248.4
12172
11881.5
10789.6
10138.3
10392.7
10064
9976.84
10395.6
10412.3
10969.2
11097.6
11024
11158.1
11221.3
11582.1
12062.6
12347.3
12139
12058.3
12152.5
11696.8
11774
11885.4
11268.6
11142.5
11204.9
11070.6
12753.3
13040.9
13461.3
13408.2
13265.8
13103.4
13378.7
14355.8
14541.5
14541.3
14490.3
14407.2
14391.9
14428.1
14364.3
14508.1
14538.1
14436.9
15701.6
15888.9
19204.6
18489.6
18651.7
18188.4
18102.2
15263.8
15290
12780.5
12720.9
12706.1
12796.7
13105.4
13157.1
13074.3
13067.4
13541
12593.9
12912.2
13580.8
13583
13485.6
13565.5
14157.4
14088.2
13521.3
12658.5
12484.5
12658.2
12984.4
12976.4
13015.3
13210.1
13235
13374.2
13171.5
13066.9
13458.5
13253.2
12585.1
12585.6
12291
14177.4
15597.9
15630.8
16012
15851.4
16506.1
16441.3
16474.1
16429.3
16495.6
16731.5
19478.6
19685.3
18448.9
19085.3
19186.7
19295.9
19084.7
19073.2
20233.3
20634.3
19961.5
20329.9
19968.8
19371.4
19527.6
17965.2
17320.8
17278.6
17331.2
17242.9
16397.3
16375.7
16375.4
16676.6
16466.9
19862.1
19694.3
19513.6
19658.3
19334.1
22530.7
21821.3
22013.4
21913.9
22451.1
22176.1
23668.1
23883.5
24114.2
24248.9
23812.4
25874.6
25742.2
27388.4
27384.1
27101.1
32214.8
27918.6
30138.5
30275.8
30046.1
30663
30859.9
29900.2
32733.1
31777.5
28900.8
28357.9
28274.6
28479.5
29680.1
27553.2
30273.9
28358.9
27704.6
28006.2
27833.8
28009.2
28729
28425.5
28219.4
28273.4
27928.3
27666.1
27548.4
26469.6
26986.8
26866
27308.5
26235
26047.5
26186.4
22323
22678.2
22719.3
25846.9
24988.9
24930.9
24970.9
23819.8
24000
23542.2
28237.5
37526.1
37459.5
32366.5
31208.5
31113.8
31433.4
31396.1
28823.7
30264.8
28147.7
28101.8
28049.1
25292.4
25207.8
30273.7
27451.1
27167.7
27132
26785.2
26666.5
26641.5
21988.6
19436.7
19394.3
21114.4
22559
23457.2
23137.1
27236.6
27169.3
27477.5
27550.5
27850.4
27850.5
27871.2
27597.6
27669.2
27492.6
25373.3
23978.5
26733.3
26700.9
25700.8
25852.8
25814.6
25898.2
25856
26018.1
27096
27364.6
26624.6
26771.7
26003.1
25545.5
25087.4
24952.9
24683.6
23790.3
22435.4
21675.1
34538.4
34499.3
34643.1
34763.8
32117.7
62719.5
62720.5
62747.4
62651.2
62459.2
62354.1
62595.4
62836.3
62809.1
62818.3
60789.6
61421.5
61380.9
61571.1
61552.1
61585.6
61172.3
60263.5
60224.4
60471.4
59515.4
63653.6
63672.1
63505.6
63485.6
63422.8
63136.9
62499.8
62455.9
65466.5
65500.8
65546.9
65622.7
65601
65512.9
65500.1
65488.6
66717.2
66596.7
66635.1
64436.1
46128.3
46184.3
46080.1
45837.6
45742.3
45762.3
48738.3
48824.9
48666.5
48308.4
48267.9
31869.3
31710.2
33517.6
33604.9
29081
29627.8
29051.7
27110.5
26169.6
26107.2
26061.6
23190.2
22759.7
19854
19757.4
19654.4
19477.2
18587.7
14987.6
14502
15755
15735.1
15290.6
15832.7
17082.9
17105.7
17056.8
16095.6
15347.7
16053.7
16250
15399.1
15873.6
20807.3
21018.6
21004.2
21082.1
19852
19717.4
16239.3
15918.7
16466
16007.2
15904.5
15643.1
15696.5
16367.8
15661.1
15244
14909.2
22787.3
22785.4
23040.3
23070.6
23039.2
16106.7
16142.1
16320.5
16007.4
16873.1
17278.9
18030.5
17219.7
17168.9
17155
16557.4
13583.8
13676.7
13723.9
14461.1
14377.3
14224.9
13571.4
13149.2
13161.8
14648.2
15445.1
14187.8
15037.6
14810.8
15082.5
15205.5
14331.6
14238.4
14305.6
14581.8
14325.2
13876.7
13984.8
13611.9
14238.3
14151.1
14226.1
14266
12962.8
12978.3
13965.8
13948.2
13683.4
13678.5
13413.5
13420.7
13292.3
13306.3
13524.1
13131
13222.9
13084.1
12215.6
12242.3
13320.8
13309.1
14066.9
15987.7
15775.5
20416.3
19382.9
19352.4
19549.3
19054.3
19051
19092.8
20079.3
33005.6
33124.8
33074.2
33057.9
33098.3
33103
33573.1
33473
33435.7
33417.8
75782.4
75450
80162.3
79956.1
79920.5
79844.1
79783.2
79805
79613.3
76030.2
96318.1
95914.5
96102.6
99698.5
99707.8
99649
99804.7
99876.4
99807.5
98078.7
97407.2
95939.6
95713.5
95636.8
95619.4
95231.5
93229.3
93030
92923.4
92872
92906.2
92727
93227.3
93394.4
93297.9
74173.7
74936.9
74912.2
75048.2
73671.8
73624.5
73711.6
73381.4
73553.4
73655.6
73696.6
73721.4
72861.3
72648
28055.8
27867.3
27904.7
28434.9
28658.5
28872.3
29128.6
28517.8
28571.6
28594
28420
28577.1
28179.9
27844.8
27936.2
28525.4
28624.6
28595.7
28388.8
28058.4
28015.5
22736.5
22765.5
22135.1
21612
13998.7
14242.6
14182.8
14063.8
14159.8
13947.3
13901
13362.4
13310.2
13122.5
13363
13282.4
12698.4
12555.7
12677.4
12490.5
12618.4
11493
10996.4
10579
11466.4
12163.1
12113.6
11706.8
11736.5
11713.1
11437.3
13205.6
12725.9
12383.7
11938.3
12167.8
11942.5
12264.3
12162.1
11550.4
11681.3
11205.6
11347.9
11304.2
11313.7
11463.9
12563.1
12309.9
12190.4
12383
12291.9
10482.7
10490.1
10319.7
10400.3
10467.8
10780.7
11116.1
10951.7
10403.3
10820.9
10899.7
10786.5
10578.8
10586.1
10774.1
12718.2
12616.7
12385.9
12179.1
12201.7
12334.1
11148.8
11622
11542.9
11793.6
12821.2
12837.3
12631.5
13095.8
12877.5
12765.5
12746.2
12256
12633.9
12904.8
12871.2
12993.2
13229.9
12905.7
13340.5
13265.2
14214.4
14479.4
14519.5
14352.8
14099.7
12919.1
13101.1
12646.6
12538.4
12426.8
12311.3
12177.2
11862.4
12214.2
15362.7
15265.9
15042.5
15361.4
15658.4
15807.9
15739
15879.4
17028.1
17177.2
18018.9
18207.9
17595
17655.4
17353.3
17601.9
18265
18358.9
18233.1
18013.4
18358.4
18251.6
18140.1
17778
17460.5
16975.5
17068.8
17841.5
17626.9
17787.8
17883.1
17696.7
18462.9
19864.7
21058.3
20940.5
20984.7
20803.1
19621.5
19983
20039.6
20105.2
20127.7
20320.4
22854.5
22855.7
22866.5
22904.8
22333.5
23625.9
24734.7
25494.1
25543.4
25108.8
25316.4
25367.4
25348.4
25155.2
25321.2
28295.6
28101
28078.5
28237.9
28682.5
29895.8
31569.3
31311.8
35301.4
33929
33295.4
33379.2
34396.9
33267.1
32424.7
34695.3
35251
35293.6
36585.2
35041.2
35886.4
36183.8
36912
37009
36863
36773
37005.9
35115.4
39056.8
38819
41544.7
41241.7
40478.4
63247.3
40927.7
40232.4
42858.3
42635.2
35047.8
38714.9
38830.3
38807.6
38965.9
38824.1
38824.4
38822.9
36979.1
36574.6
36653.7
41170.9
41240
42437.6
43105.1
43729.8
40749.3
42165.6
41852.2
40445.1
41015.5
42323.7
42548.7
42209.6
37175
36930.6
37543.4
37015.2
36975.9
36459.2
38165.7
38348.5
37420.8
38052.6
38482.8
38347.8
40368.9
37653.3
42557.3
41736.7
42456.6
41885.1
42389.4
42383.1
42448.6
42999.7
42790.6
42971.3
42986.1
42019.2
42328.2
42284.8
42347.4
43764.8
43905.9
39826.2
38689.7
35935.6
35704.8
34836.7
33742.6
33697.5
35393.1
37228.9
36958
40282.7
40775.3
41050.6
41668.3
41988.7
40782.8
45237.7
42977.9
49848.1
49801.5
49664.7
49443.7
52815.8
52987.4
50093.3
50442.7
50110.5
49968.9
44334.7
44297.7
44513
45463.5
44946.9
48549.6
48535.2
49066.3
49678.9
45531
45429.6
44802.7
44808.3
44817.6
38271.6
38604.8
37787.9
33006.8
32126.3
32655.4
28231
27627.6
28175
28129.9
27531.5
26052
25516
25391.2
25196
23977.6
24011.8
23952.6
23908.1
23842
23533.5
23481.9
23055.3
22846.1
22734.3
22325.4
22169
24923.3
29764.8
29485.2
29503.2
29578.9
29163.2
27668.6
27504.4
27553.7
27608.9
28228.8
28172.4
28315.6
29965.8
30016.2
31079.7
30929.8
30903.4
30448.8
30114
30061.9
29584.6
29833.3
30294.8
30352.8
30614.2
30736.1
30815
31165.5
25702.7
25830.3
25788
25248.2
25376.4
25159.7
23590.2
23639.2
23492
23323.7
24587.1
26802.7
26217.7
26505.1
26684.4
26184.1
26135.9
25345.3
25201.6
25245.2
24807.5
24372.6
23584.8
20724.2
20456.1
20884.4
20449.4
20366.1
20148.6
19852.9
20209.6
20307.5
19198.4
19277.7
18678.3
18634.1
19276.2
19217.5
20938.3
19069.8
18714.5
18655.9
18565.8
18560.2
18272.5
19698
20367.7
21588.7
21454.8
21449.6
21695.1
21530.9
21670.6
21986.1
21132.3
21780.6
22605
22153.8
21960
21575
20201.9
20187.4
20244.1
20125.3
21999.7
21988.8
21607.9
21384.1
20231.9
20389.3
20014.2
20327.9
20238.2
20266
20513.4
21156.5
20590.1
18338.8
17802.4
17683
17765.5
17792
17871.3
18372.6
18389.1
18011.5
18262.5
18368.3
18821.4
18775.9
18742.4
18846.3
18032
18177.9
18091.2
17981.1
17634.2
17813.8
17710.7
17853.7
17855.1
19586.1
19807.5
20119.1
18418.4
19063.8
18686.3
18913.4
18941.4
19572.9
20000.5
21043.4
20856.3
20658.3
20230
22943.9
23752.4
23414.2
23565.5
24490.6
25094.1
24794.6
27389
27149.7
26504.8
26353
26420.4
27487.4
27371
27248.9
28484.9
28263.8
27053.1
30050.5
29902
29821.3
29555.1
29774.3
29739.6
29861.1
28381.4
28374
28688.9
29354.6
29420.2
28800.2
28708
28382.8
27942.4
27887.6
27960.5
28212.5
28255.7
28282.9
28834.6
29051.1
28784.8
25788.3
25174.5
25108.1
24989.8
24963.4
29271.3
29467.8
29338.1
29730.4
29300.8
28882.8
29017.6
27659.5
27684.8
28535
29035.2
27566.3
27822.6
27843.9
27549.9
27194
26723.6
26244.6
26122.7
26070.3
27460.7
27461.9
27761.5
28808.2
29490
29570.9
28944.6
29251.1
29283.1
28849.1
28748.4
29109.5
29465.2
28646.1
27964.6
27839
28743.8
29115.8
29004.4
29937.3
30964.5
31087.4
31152.9
29378.9
29382.3
29465.8
28707.3
28714.5
28492.2
28156
28484.7
27560.9
26159.1
26336.6
26539
26643.9
26571.8
27250
27334
27643.9
25499.1
24984.8
25104.1
24326.9
23971.2
23706.8
22479.5
22267.2
21899.2
22043.2
22151.9
22567.7
22181.5
22299.8
22008.7
22468.6
22384.8
22187.8
23037.1
22857.8
23393.5
24365.2
24738.5
24750.9
23960.9
23554.5
24451.8
24236.6
24275.6
24361.8
24512.2
22598.5
23047.4
22623.4
23893.5
24015.8
24481.9
24510.7
24452.9
24489.6
24097
23785.3
23834.2
24127.4
23967.7
23629.1
22828.1
22708.2
23303.8
24093.3
24063.8
23972.3
23505.9
23416.3
23049.8
23365.4
22942.3
24028.9
23441.1
23046
22980.8
23081.7
22723.2
22049.7
22138.8
22173.2
23316.1
23690.2
22876.7
22850.3
22790.6
23185.9
22894.5
22766.8
22359.6
22218.8
22170.9
22005.6
21543.9
21019.9
21119.3
20841.7
18762.6
18506.8
18353.8
18433.1
18151
16478.5
15798.3
16208.7
16386.7
16214.7
15547.5
16131.2
16026.6
15954.2
16186.3
16239.1
16195.4
15897.2
15679.5
15659.7
15874.2
16282.3
15778.3
15647.9
15440.6
15525.7
15705.8
15832.7
15507.1
15683
15573.9
15525.4
15321.7
15113.4
15397.2
15603.1
15364.2
15063.9
15136.2
14800.5
14691.1
14643.5
14441
14005.9
13670.9
13571.8
13139.7
13089.9
13286
13572.4
13739.2
13565.2
13924.1
13805
14057.6
14133.4
14670.7
14629.8
14346.5
14270.1
14136.1
14023.5
14100.9
13843.8
13729.6
14183.5
14183
13646.3
13677.5
13587.5
13592
13716.3
13240.7
13466.3
13009.4
13142
12752.1
12778.1
13064.7
13117.2
13657.9
13760
13956.8
14899.6
14921.4
15223.5
15201.6
15057.4
14693.8
14995.3
15234
14801.6
15020.3
15149.8
16418.6
16472.9
16532.2
16680.1
16970.2
16711.6
16632.1
16458.6
16461.3
15723.3
15569.5
16323
16314.4
16287.8
16339.8
16567.1
16668.8
16783.4
16691.8
16214.8
16099.3
16315.1
16889.4
16952.8
17516.1
17383.8
17309.8
18177
18244.7
19146.8
18821.1
20257.9
20176.1
20073.1
20390.9
20146.5
20030
20006.6
20014.3
19971.1
21543.6
32017.1
32844
32668.7
32734.8
33056.3
33732.5
27067.1
25580.9
25805.7
25994.6
26244.9
26302.3
26680.2
27140.4
26587.9
25977.9
27055.6
27079.4
27274.2
27272.6
27395.3
26845.7
21970.3
22537
21855.4
22277.2
21621.9
21645.9
25489
24075.5
23502.4
23570.8
23587.5
23278.9
23299.6
21127.2
21964.7
22929.2
24380
23247.6
22473.4
23447.6
24111.6
24473.2
24220.2
24067.3
23993.3
23642.7
24748
24834.4
25209.7
24222.5
23518.2
23232.7
23776.7
24532.1
24000.6
24018.1
23240
23052
21727.2
21953.1
21795.7
21711.4
21872.7
22138.9
21418.6
20913.2
20720.9
20492.7
21265.8
21205
20606.3
21005.1
20613.3
20611.8
20085.9
20705.8
21940.5
23955.5
24306.8
23469.3
24182.6
24231.5
22506.4
21951.4
21308
21177.4
21014.8
21159.8
21689.5
24718.9
25038.6
24654.2
23898.2
24058.5
23908.1
25701.6
26058
24423
26919.5
26021.4
25624.2
22253.3
22019
21968.3
21925.4
20987
20704.2
20489.2
21026
22202.8
22285.2
21834.6
20867.4
19780.7
18667.2
18808.6
19022.1
19965
19936.4
19617.8
22123.2
21704.3
25304.3
24868.7
23788.1
23826
24229.8
24058.1
21442.2
21365.8
20903.2
21066.1
20925.5
20642.7
20231
19524.3
19075
18953.2
18534.6
17941.7
17587.4
17580
17471.9
17212.5
17471.8
16623.8
16826.5
16730.8
16899.3
17079.8
16866
19652.2
19398.6
19424.7
19019.3
19673.1
19751.9
19685.3
19516.1
19805.6
19750.9
19665.6
20010.2
20585.1
20683.3
20636.9
19566.8
19584.1
19552.7
21770.1
21593.3
21330.8
20870
20552.2
31593.7
29436.2
29348.9
29608.7
51092.3
51062.8
51514.4
28756.3
28625
28490.4
29213.8
28976.8
28214.3
28191.3
27984.7
27900.4
27620.1
27077.7
27113
26810.5
40257.3
23448.8
23306
23727.7
23561.9
24839.5
24722.7
24573.6
24372
17915.5
18194
18243.9
18453.5
18493.1
18409.4
16624.9
16329
16096
16390.5
16458.8
16614.5
16800.7
17016.5
16506.4
16564.2
17584.3
17715.2
17680.1
17555.7
17680.6
17802.6
17739.1
17446.4
17166.2
17616.1
17577.2
17115.4
16557.3
15220
15191.8
15403.4
15849.5
16048.4
16536.3
18369.6
19108.1
19064.5
19506.4
19554.4
19406.1
17619.3
17647.2
17659.7
17677.4
17827.8
18784.5
18706.6
19383
19531.8
26617.3
28208.3
27502.7
27558.4
27599.1
27199.6
25642.8
25772.8
26026.6
25869
26955.3
26581.6
18702
18187
18061.3
17845.4
17854.6
17785.8
17252.7
15013.8
14890.5
14693.6
15470.6
15603
14784.8
14464.5
14274
14434
13787.1
13861.8
13687.7
13929.1
13615.1
13542.6
14329.2
14350.9
14830.8
14872.3
15674.4
15686.4
15457.9
15649.8
15529.5
14114.8
14464.9
14510.2
13933.6
14491.3
14658.1
14878.8
14979.3
15387.6
15410.7
15504.3
15724.9
15799.3
15438.1
15024.7
15146.8
15671.2
15309
15100.5
14987.1
14368.2
14036.4
14061
13500.6
13591.9
13203.1
13454.3
12930.2
14345.3
14168.4
14160.5
15213.1
15430.8
15100.1
15033.6
15036.9
15102.1
15298.1
14829.5
14751
15230.9
15352.4
15571
15665.5
15235.2
15019.3
15566.3
15449.5
15480.3
15250
15333
15885.6
15010
14986.2
14825.2
14716
14916.5
16612.3
16322
16256.8
16277.1
16225.2
15982.8
16025.4
15703.5
15806.5
16923.1
16818.1
17082.5
16781.9
16690.3
16970.9
16960.5
16431.7
16809.2
16797.2
17008.7
16948.9
16950.9
17154.9
18411.5
18613.2
18551.5
18633.8
18782.3
18998.4
19490.4
19436
19082.7
19037.8
19095.3
18431.2
18485.9
18455.7
18577.5
17588.8
17499.7
17423.3
17338.7
17368.4
17116.6
17895.7
17584.9
23242.7
19184.2
18867.8
20185.7
20085
20177.9
20723.6
20882.3
21202.6
21437.8
22342
22068.9
21209.1
21834.4
21210.8
23127.5
22699.5
23257.4
24072.3
24274.8
24105
23596.3
22942.4
23389.8
23577.3
23516.5
23724.8
22837.7
21450.1
21264.5
21673.8
22432.2
23200
22926.8
23010
22843.7
25648
24809.3
24443
24928
22464.9
22387.4
22274.5
22452.2
22605.5
22714.3
23099.3
23108.7
22659.1
21422.3
23914
24261.1
24420.4
25086.8
24517.2
25355.2
25306.6
24367.1
24036
24277
23839.2
25638.6
26003.8
25674.2
25385.1
26004.8
26431.8
26215.8
25225
24232.4
22342.7
23951.6
24047.9
24975.8
25074.9
24573.2
25330.6
24737.5
24617.4
26957.4
27508.5
27547.5
26520.3
26837.8
24657.3
23284.2
23540.5
23633.9
22978.2
22118.3
22397.8
22880.3
22908.3
23206
23179.1
22884.2
22991.9
22970.8
22256.9
27690.4
27227.7
26973.3
27915.8
24670.8
22838.1
21410.6
22999.2
24494.6
24521.1
24197.2
25859.8
26718.4
26185.5
26429.1
26452.1
25421.4
25442.3
26323.4
26685.9
26445.8
26895.7
23570.9
24512
22873.5
23545.7
23296.1
23632.9
23393.6
23412.6
23328.1
23361.8
23836.1
23890.5
23931.8
23965.4
23996.2
24309.4
23188.7
23205.7
23530.1
24151.4
22690.7
22480.3
22500.1
22539.1
21741.9
21856.5
22724.9
22495.5
23080.9
23048.7
23603.5
23799.8
23745.8
24702.1
25531.5
24868.6
25714.8
26151.6
26033.1
29174.3
29244.5
29282.2
28953.3
27656.6
26781.3
26610.9
26643.8
26512.8
31383.9
48826.5
49809
49499.4
48425.5
48975.1
48820.3
48550.1
51065.7
51536.8
50755.8
50722.8
49193.2
49758.9
49587.4
49463.5
49148.4
47877.6
55822.3
55878.3
55578.6
55092.4
54593.9
53680.9
55762.3
56210.7
56318.7
55935.8
55986.4
47504.2
47339.4
46715.8
47895.4
55913.2
56582.2
56743
55964.1
56047.6
56692.9
56615.3
54017.2
54179.7
54182.1
54232.1
53902.4
52549.6
39241
39190.3
38197.9
37438.2
37988.7
37197.5
40129.7
37463.3
37816.3
38086.9
37494.6
37667.5
39560.5
47865.7
48131.2
45820.2
46302.3
46187.8
46193.4
45994.4
45897.7
46110.7
45111.8
45758.7
45548.2
46570.7
46705.7
47273.1
46677.4
46269.6
45351.6
45083.8
44656.7
44476.5
43861.6
42221.1
42280.8
43672.9
43950.6
42429.5
42011.8
41784.1
41705.1
41625
41692.6
41410.6
41405.5
43639.4
43023.8
40083.2
40355.4
40419.1
39549.5
39988.5
40769.9
40797.5
41310.9
41223.8
41218.8
46397.1
47212.3
50404.5
58643.8
59126.1
59274.1
55475.5
55479.9
55283.4
55358.2
54361.6
54300
47562
63006.3
63032.6
63144.6
63442.3
61920.1
61562.1
60625.5
60402.4
60234.6
59696.3
60246
60484.5
57240.2
67027.5
67443.7
51509.6
51388.5
51422.2
59897
60727.4
59827.5
55852.5
55874.4
55340
54859.1
55769.4
69149.7
56543.2
51549.1
51749.6
51050.9
50782.1
48570.9
48494.7
48519.8
48333.3
48447.7
50452.2
50614.9
49021
48433
48815.7
49335.2
48950.4
48851.7
50063.9
51425.6
51422.5
51454.8
51283.6
43526.8
43260
43242.1
43690.5
43548.1
43158.1
42120.8
41998.9
41924.3
41288.2
42763.4
42378.3
42167.2
42109.4
57559.2
57029
57882.5
57788.4
57841.7
101699
98718.3
99133.6
99633.4
100459
101844
102144
102019
101948
102418
102860
102458
102552
103065
102803
102700
102562
102475
102538
102705
216847
216878
214426
214068
214759
222133
131645
132786
133064
132968
132946
132872
134302
134514
136054
136695
136654
136829
136758
136407
62708.6
54225.5
53862.4
53807.2
54358.9
54333.2
54474.5
53716.6
53691.3
53452.5
54409.2
54418.8
55448
55387.3
55646.1
55016.1
53200.3
48695
47893.2
51993.8
52057.9
52337
53521
53464.4
53675.8
53777.8
55019.7
54747.1
54547.8
54197
52131.7
53219.6
53338.7
54659.2
54535.7
54446.7
53700.5
54093.4
54596.1
53515.5
52578.8
53351.4
52378.1
52015
33907.6
33744.1
34362.7
34412.6
33855.3
34339.9
38248
38223.8
38438
33848
33782.8
33831.8
34603.4
34032.7
35044.4
35154.5
34615.8
34990.3
34895.6
37446.3
39223
38862.2
39288
38303
38515
38609.2
40285.8
38152.8
38644.2
38752.3
38893.9
38551.6
41735.2
41607.4
39268.5
41430.1
41089.8
44122.9
40341.2
40096.4
38926.9
39739.2
38122.8
37915.7
38960.3
38530.2
35751.9
34790.7
33025.8
33113.2
29903.8
29062.3
29513.5
29633.6
30527.3
30272.3
29837.5
29977.2
29379.9
30139.5
30275.8
29831.3
30196.7
30697.4
30585.6
31098.7
31105
30195.1
32155.6
33120.9
33494.9
32484.2
31474.8
31271.6
30993.6
31180.8
31590.9
31767.9
31807.5
31375.5
30520.5
30156.1
30366
31151.4
30542.7
31375.2
27812.4
28164.5
26397.5
27523.4
26688.8
26014.8
25360.5
25113.4
25190.6
25493.6
25905.6
25361.9
25431.1
25285.5
24862.1
24359
24163.7
23235.1
23001.8
22729.7
22933
23838.9
23850.7
24734.6
23680.2
21462.6
21158
21757.4
22007
25315.2
23511.8
23485.3
22858.5
22745.8
22087.1
22827.7
21457.5
21276.1
21135.2
21801.6
21784.9
21727.2
22093
22178.4
22343.7
24184.2
24166.9
23088.8
22951.2
22629.5
24148.8
24429.8
24594.4
24371.5
24511.4
24518.4
21968.7
21836.4
22198.3
21781.9
22531.7
22933.2
22693.4
22406
22741.3
26093.4
25831.5
25790.7
23783.5
23551.3
23457
22973.5
22692.5
25273
25384.2
25406.8
25179.3
25120
24787.4
24527.7
24929.7
25625.2
25231.3
27920.5
27812.7
26380.5
26673
26302
26450.2
24790.4
24662.1
26891.9
27021.2
26801.6
26647.3
26786
26754.8
26480.8
27010
27618.8
28900.4
27832.3
27540.4
25372.3
24462.4
21878.2
19845.7
20248.1
21925.2
22174.4
22250.7
22228.9
20875.9
20603.9
20736.5
23125.1
23114.1
23375.1
21332.7
20518.7
21505.3
21575.6
21636.1
22376.1
23149.7
24307.5
24333.6
24396.5
26546.2
24498.6
24052.9
24015.2
24359.5
23518.1
22144.8
21464.1
21724.6
21173.9
21628.2
22590.1
21480.5
21105.3
21753.2
21705.4
21600.8
21908.9
24048.3
23470.8
23332.1
22735.7
22406.8
22434.3
22540.8
23189.4
24030.4
23830
24050.8
22479.8
24001.9
22747.7
24482.2
25562.8
26361.1
25936
26395.9
25985.3
26241.1
26611.6
25734.7
25736.3
25502.9
24457.2
24227.7
24103.8
23038.1
23197.4
23304
26919.2
27697
27776.1
23613.9
24248.4
21063.2
21544.8
21302.2
21558
21367.1
21295.1
19690.2
19714.9
19688
19616.5
18680.4
18700.8
19481.9
18252.7
17945.9
19134
18949.4
18559.5
18700.6
17509.9
17900.3
17743.6
18770.1
18592
18603.8
18513.1
17914.2
17758.8
17521.2
17719.6
17437.1
17608.3
17817
16840.7
16914.8
17661.4
18928.2
18932.3
19354.5
20175.6
20179.5
21105.6
21212.8
21449.8
21057.2
21444.3
20508.6
20663.6
20898.8
22547.1
22298.2
23732.7
22866.8
24303.6
24884.7
24308.3
24456.2
24651.1
24061.4
24137.1
24240.3
23835.7
23178.6
21645
21390.7
20629.4
20840.4
20914.8
21239.3
21256.9
20996.2
20881.3
20693.8
20597.6
21870.2
24590.7
24219.8
23220.6
23027.2
23842
23610.7
23341.7
23453.7
21596.4
22603.8
23027.3
25852.4
23833.4
23981.1
24083.2
23112.9
22764.2
22624.1
23039.9
23098
23509.6
23537.6
23234.5
23149
22328.8
22268.4
23735.4
23456
23869.7
24074.2
24331.8
24901.7
21863.4
22603.2
22745.1
23342.2
23347.9
23147
23395.1
23215.3
23122.6
22974.3
22904
22671.6
22672.1
22632.1
23916.4
25387.9
27219.2
26611.5
26573.9
26586.6
26547.3
29202.8
27884.1
27666.5
27974.1
28767.8
28667.6
30547.5
26542.3
28657.3
26037.4
24678.3
25182.4
23569.3
22655
21211.2
21628.8
21921.1
21835
21503.3
21787
21866.6
22022.3
21890.8
22052
22869.8
27411.5
24356.8
24475.1
24422.6
24788.8
30483.9
32400.4
31514.5
31611.4
31747.5
32072.3
25229.6
24793.7
24775.6
23613.9
25663.3
26174
27825.8
28202.6
27749.6
27912
29477.9
30141.5
30133.3
29308.8
30243.3
30079.6
30484.5
30373.3
31784.6
31701.4
32131.4
32038.7
36783.7
36683.8
35066.9
33882.5
34027.9
34240.5
33110.3
32528.6
32072.7
29181.3
27732.7
25676.5
26193.4
26598.3
25475.6
23173.9
22136.5
22349.9
21405.6
21395.5
21205.8
20265.7
20666
20494.4
20522.5
19895.3
18772.2
18194.4
17853.9
18337.1
18404.8
18477.8
18270.1
17240.5
16843.4
16733.1
16965
17495.3
17674.4
17437.3
17246.9
17016.1
16521.9
16489.5
16640.9
18025.1
18137.8
17843.6
17853.1
17588
17538.1
19713.1
18051.3
18128.2
18253.4
18280.7
18746
18983.4
20791.3
21048.7
21295.6
21006.4
21553.2
21473.4
21444.2
22373.7
22179.9
22386.9
23470
24113.8
24424.8
24127
24453.8
24413.1
24615.7
25063.1
25014
24656.4
23894.4
24408.7
24504.7
23512.8
23417.4
23111.1
23377.4
23635.4
25179.4
25464.5
25351.7
25799.3
25873.4
26184.6
26989.4
27012.8
26988
24890.8
25298.1
25391.6
24446.4
23263.3
23557.9
21075.3
20348.8
20679.5
20864
20909.9
20617.9
21355.5
21428.1
20302.7
21390.7
23632.3
23090.1
23077.5
23736.8
23474
22955.1
22951.2
20208
19303.4
19615.1
21094.2
20974.6
20724.7
21396.3
21249.4
21072.3
21085.8
21364.3
21572.1
21856.4
22284.4
21321.5
20863.4
20802.5
20836.6
20756.3
20121.3
20192
19758.7
18667.9
18644
18840.9
19252.6
19183.1
18133.5
17918.3
17750
17844.8
18059.7
19525.4
18814.3
18284.8
17763
17497.3
17662.6
17544.4
17337.8
17468
17364
17140.7
16909.6
16839.5
16400.8
16571.9
17685.4
18873.3
18606.1
18562.4
18211.1
19738.5
19533.3
19556.7
19635.8
19400.9
19945.7
20286.3
22240.6
22070.3
20816.5
21261.7
21422.3
21326.3
21404.1
20945.4
20958.7
20950
20954.1
21475
20924.7
20152
20934.2
20199
19724.6
16553.8
16556.4
16540.1
18037.4
18241.4
18303.4
18316.1
17246.1
17449.8
18052.9
17843.7
18204.4
18050.5
18573.2
17886.5
17811.1
18333.4
18523
18959.7
18737.7
19176
19609.7
19783.1
19888.3
19937.7
21327.3
29725.9
30067.8
29695.2
29695.6
29804
29480.5
28343.5
29167.2
29141.5
28946.3
29030
29568.4
30785.5
31948
32079.2
31965.1
31844
32147.6
31296.6
30831.2
31740.4
31585.4
32141.7
30115.5
32259.3
29784.8
29762.3
29371.5
29892.9
29676.4
29424.1
29180.4
29141.4
28362.2
29010.4
29008.5
29045.1
30124.3
29398.7
29302.7
29237.9
27164.6
27534.6
27298.6
27098.2
27255.2
27146.5
28013.1
27265.9
27483.6
29303.6
28845.4
26894.5
25159.7
24446.8
24213.8
24468
24914.8
25077.4
25037.1
23994.9
24416.3
22895.2
23103
24874.2
25485
26015.4
26008.8
25672.6
25166.1
24388.3
24084.2
23938.6
23839.2
24615.5
24550.9
24547
22889.9
21686.8
21260.1
20882.5
20924.4
20812.4
20761.3
20755.7
20677
20626.6
20230.2
21041.2
21059.6
20824.9
21124.1
21162.9
21250.5
21303.3
21712.9
21648
21922.8
20197.1
20125.6
20434.9
20334.7
20202.3
19917.8
19866.8
19893.7
18909.6
18927.9
17021.5
15795.8
15742.9
14669.5
13997.5
14240.5
14036.4
14090.6
14429.4
14774.5
14674.6
14736.9
14633.9
15035
14830.3
15136.1
15422.1
15406.2
16539.3
16924.5
17442.5
17539.5
17431.1
17822.2
17403
17223.7
17210.9
17562.4
17651.3
19113
20936.6
21376.9
21549.7
20547.8
22933.5
23037.5
23020.4
22844.9
23904.8
23829.3
23907
23916.2
24987.3
25262.3
25294.9
23256.2
23069.2
23006.7
22316
22951.9
23172.8
22924.4
23175
23460.5
25138.4
23961.9
24084.1
24077.5
24323.1
25077.1
25972.8
25936.4
26976.4
25618.4
25008.1
23821
24135.7
27945.4
27607.8
28012.7
28350.7
28629.8
28757.1
31007.1
29219.1
28620.4
28567.9
28380.1
28506.2
28794.9
29071.9
28818.7
28879.4
28705.3
27156
26231.1
23293.2
24051.1
24176.6
23921.2
23635.1
23300.4
22833.2
22812.9
22971.8
22936.2
21577.1
21281.3
20688.2
21204.2
21331.1
21219.6
21164.7
20978.6
20994.1
19890.8
19617.3
19644.9
18811.1
18509.7
18458.1
18447.1
18442.8
18597.7
19050.8
19409.1
19553.3
19601.5
19241.1
19395.1
19844.9
19911
19364.4
19608.7
19981.6
19858.1
20334.2
20987.1
21158.8
22457.2
26027.4
25224.7
27692.3
27701.9
24700.5
24768.4
24199.4
24226.8
24248.5
23878.5
24046.5
24317.1
24113.7
23439.4
23770.6
24079.8
25485.1
26284.3
25889.8
26731.6
26398
27254.9
27475.2
27420.1
27446.3
28889.2
29220.5
34275
34046.3
33665.8
34159.4
34461
33433.6
35744.9
36023.2
35232.2
34749.3
34684.3
30057.3
29233.9
29098.2
28805.7
33763.5
32965
33163.8
33826.9
36388.1
36327.3
36029.2
35499.4
35468
36154.7
45396.7
45204.5
45298.6
46506.8
46531.5
31900.3
32113.4
32288.1
32191.8
31998.7
34801.3
34766.1
30938
34917.1
33927.5
34088
33886.2
33829.9
34235.3
34846.8
34661.5
34667.5
33512.3
33543.6
33479.9
33088.4
33569.8
33659.1
34667.8
34890
34632.8
33710
33937.7
33938.5
35486.5
35132.3
35166
35345.6
35466.7
33852.1
34131
34211.5
36005.5
36157
36341
36072.9
36126.6
36040.2
36011
36059.6
35717.2
35995.1
41429.7
37317.5
37481.6
37509.9
37680.1
37407.4
32708.8
33070.9
34196.2
32863.9
34023.3
30078.3
30979.2
31261.4
34737
34578.4
34373.6
34684.5
33456.4
33185.6
36121.2
33991.2
33149.1
33426.2
34151.5
33624.6
34608.7
34717.7
34710.5
34503.2
34342.7
34656.2
34140.6
33400.9
33961.7
33833.7
33116.3
32563.5
36532.1
35895.8
35786.9
39077.1
39359.3
38452.8
38759.8
37816.2
37678.3
33902.9
36269.3
38503
38385.6
38726
38357.1
38259.5
34967.8
35027.6
35174.7
34945.9
34755.1
34888.6
34094.6
32905.6
32469.9
34941.9
34779
34697.6
34746.5
33845.8
34284.1
34350.6
33827.5
33911.8
32561.2
34493.8
34575.1
35356.8
35720.2
35805.2
35464.7
34991.7
34049
35735.5
34095.1
35016.1
31430
29212.6
27637.2
27244.3
27794.6
26901.2
29791.1
29344.3
29035.2
29480
30531
30160.6
30375.7
30355.3
30763.8
30219.3
40859.2
40835.9
40158.8
40042.8
43224.9
61412.3
43556.7
43562.1
45022.8
45017.9
41914.3
41609.4
35895.4
35875.8
33722.3
32510.6
31927.7
35281.9
35064
34333.7
37689.2
46123.1
45801.6
46199.6
50188.1
47766.7
46613.8
45554.7
45549
36211.6
35654.5
35023.8
35092.2
36678
36718
36738.6
36312.4
36618.1
38690.3
38524.4
38359.4
39558.1
39909.8
39624.3
39560.9
39296.8
39840.1
38877.5
38675
39824.8
39229.3
40336
40050.6
42091.5
41776.5
45977.3
46127.1
46736.6
46576
45852.4
46071.4
44695.9
45552
46470.1
46415.5
46463.9
49871.4
49646.5
49536.8
53785.4
53945.8
52992.8
53523.5
53126.2
53642.8
44045.3
43978.6
33673.9
35881.6
36689.8
36282.4
36099.1
36005.8
35707.7
34930
35149
35485.7
35279.8
35251.5
35398.8
45837.2
40131.8
40095
40392.7
34180.2
33061.2
31339.1
30184.2
29719.8
30006.8
30157.9
29599.7
30687.1
31170.8
31448.1
31634.8
31743.8
30142.7
30833.5
30693.7
31088
31438.9
31388.9
31520.6
32106.4
31982.9
32582.8
31866.5
31670.8
31537
32845.3
32854
31650
31500.8
31326.1
32288
31876.7
32894.3
30053.5
29412.4
31237.6
30931.9
32121.2
32217.6
31976.6
32358.3
32547.3
34242.8
33514
33673.9
34106
34031.7
29976
30605.5
30901.2
30180.6
32608.9
34598.3
33118.3
32317.8
31238.9
31321.1
30653.9
37077.3
35909
36100.6
40066.7
39562.4
38086
37996.9
38222.7
38468.8
42005.1
42841.2
37806.1
37622
37312.1
35374
34498.8
38809.7
39612.4
42034.5
43015.7
42522.6
57515.3
58832.3
63093.3
63060
59277
70667.2
70797.9
70713.5
76879.5
70100.6
70712.6
68419.9
69543.6
69611.9
67895.1
64747.4
64611.3
74380
71443.4
71170
71182.8
70355.2
70137.3
71895.7
71324.2
70923
71656.3
71379.5
71517.4
48577
48289.4
83617.7
83512.8
83229.6
84273.4
84439.3
83825.4
83478.4
81058.8
72006.1
72642.5
183949
183901
183879
183605
183716
183013
183495
183947
185164
183093
183007
183073
181804
181992
182665
181707
181434
68798
69098.9
67816.5
125500
110151
80447.1
81056.3
80978.5
61185.1
61400.6
60754.7
57844.7
57120.2
56842
57301
57956.1
60244.6
47415.5
48160.7
45115.9
44295.4
43454.8
43421.2
43358.3
43038.6
43096
46360.4
48384.2
43917.8
44611.6
46140.1
43566.7
40225.3
45166.9
42742.9
42557.6
37524.7
36783.6
33519.4
34774.8
34831
36564.6
36278.5
36244.2
39017.9
44593.4
44252.7
43552.5
47203
46900.4
46382.5
45074.6
43019
42244.2
39650.6
38323.5
37589.1
37586.6
37385.3
37570.1
37279.8
36889.8
37335.3
37275.1
37421.2
38433.9
35549
35746
35165.9
36486.1
36185.3
35805.8
35707.4
35898.7
36078.1
35593.4
35286.7
35381
35005.5
34881.8
34213.6
33214.2
33190.2
34381.5
34181.1
33215.5
32531.5
28883.1
29734.1
29518.6
30290.1
30185.2
28404.1
28358.5
27840.9
28153.8
28099
28115.9
27839.4
27562.7
26026.1
25806.7
26018.1
25998
24212.2
24118.8
23904.3
24550.8
23752.2
23680.3
23379.9
24110.5
24272.5
22595
22473.3
22406.5
22862.9
23001
23390.1
24125.2
24108.3
24076.6
23852.9
23964
23977.3
24750
24429.6
24745.6
24616.5
24945.2
24663.1
23882.5
24166.4
24844.5
25388.9
25949.6
25873.6
25891.4
25170.6
25143.4
23822.1
23693.7
23953.5
24414.4
23506.4
23599.9
23781.2
23341.6
22108.9
22160.5
22704.3
22778.1
22983.9
23088.8
23029.5
23260.9
23001
22955.6
22915.4
22198.3
21995.9
21659.3
21399
22097.4
21998.3
20367
19793.7
21124.5
21759.3
21870.2
21329.4
22418.3
22271.5
22485.5
22425.3
21606.1
21605.7
21764.3
20188.6
20222.9
19846
19663.3
19664.1
19482.6
19241.2
19499.3
20197.5
19707.9
19903.1
20007
19958
19499.3
19932.4
19375
19433.3
19415.8
19159.5
18446.9
18992.4
18700.8
18198.1
18190.5
17991.5
17924.4
17831.2
17753.1
17667.1
17395.9
17272
16826.6
21575.4
22270.4
22156.9
22837.6
22637.1
22330.8
22253
22401.9
25409.1
26220.5
26157.5
30286.3
29621.7
28357.7
29091.1
28907
26167.7
27422.4
26496
26838.7
26553.1
26662.4
26692.7
27207.4
27016.3
25796.5
25833.8
23615.7
23769.9
23648.1
25126.1
23911.3
24590.3
24318.6
24868.2
25190.8
25324.6
24806.4
24995.4
25626.5
25469.2
25840.6
27921.6
29219.7
30988.6
30977.1
26861.9
26737.6
26988.5
27067.1
26948.2
29227.5
29057.3
26877.4
28298.1
28585.6
28612.4
28535.8
28451.1
28235.7
27491.1
27494
25505.4
25433.7
25949.2
24811.1
24623.9
24661.7
24120.5
24274.7
24702.5
24919.7
22174.6
21324.2
21338.9
23186.4
22793.8
21884.2
21593.5
21665.2
21132
21430.4
23188.6
23497.4
23606.8
23857.8
23442.8
22721.8
22100.1
21979.8
22449.9
25599.6
26368.2
26196.7
26005.1
27073.3
27053.7
27069.6
26966.1
29003.5
29815.3
30035.7
30655.2
30960.4
32537.7
32496
32746.2
31612.3
33548.4
33690.2
33306.7
33176.6
36225
36093.5
38431.4
38108.2
37862
35630.5
36281.7
35925.1
33776.8
33924.1
34768.7
35728.1
29362.2
28627.3
28866.4
28674.6
28500.2
28401.7
28119.7
27793.4
26584.1
26438.3
26194.5
25842.7
24063.9
22315.7
22468.2
22384.2
23450.9
22740.2
22691.8
21477.8
21544
21521.2
21500.2
21454.5
21370.7
21201.6
20961.8
21940
23170.4
25643.3
28887.4
29641.2
28861.9
28765.6
28705.3
30279.2
30206.6
30339
30476.1
29916.1
29215
29295.6
29325.2
32219.3
32143.5
32431.4
31603.4
32150.9
32949.5
34143.6
34205.7
53524.7
54027.4
53808.6
75656
75655.8
74750.3
75456.6
75133.9
74835.2
74512.1
162886
164009
164097
169321
169427
169187
374479
374333
374865
374892
374412
374834
374920
375170
375202
376945
377175
379209
380443
155879
156058
151406
151181
150316
149738
150028
149973
149770
145064
141741
142009
141684
87945
87993.3
89881.2
89356.6
88877.7
89247.7
89374.4
89034.6
88927.8
49854.9
50022.3
50414.1
90019.7
89985
90393
91052.4
92105.7
91982.5
91849.6
87770.6
86145.3
50897.8
51058.1
50606.7
53315.3
53823.2
56157.6
52172.5
51708.7
51283.2
39677.7
37627
32622.4
32493.8
33116.8
32679.7
30509.2
30910.9
30700.9
28378.9
28844
30439.5
32366.3
32002.4
31925.5
32107.1
31834.6
31870.3
31831.3
31570.8
31726.8
33990.6
33133.1
32603.5
32757.9
32524.4
32511.3
31678.9
31157.5
31504.9
31509.8
32058.4
32371.5
32237.4
32357.6
29795.8
30097.1
30556
30617
29695.4
28127.6
28719.7
29339.5
29125
30130.4
30431.8
30132.7
30600.5
31805.9
32329.4
37879.6
36669.2
36562.3
36337.2
35995.7
36260.3
35809.9
36131.9
37474.2
36795.6
36862.2
36784.9
36718.9
38979
39200.9
40389
40974.4
38949.7
41057.6
40888.5
40459.1
38658.1
38688.4
37338.4
37287.1
37633.6
36066.6
36282.1
36510.2
36142.6
35108.1
35020.1
35766.4
35862.9
35554.7
34520.8
34521
31905.4
32083.2
32295.7
31086
33943.1
34701.1
36527.1
36607.1
36352.4
36593.4
36156.6
39329.3
39012.8
41058.1
41409
38858.1
38805.2
36176.7
33921.3
35169.7
35433.4
35283.8
36402.1
36487.6
36452.4
34360
34483.4
33867.9
34433.2
35061.6
33808.8
34198.8
35278.3
32650.8
33173.5
32734.5
32475
31663.6
32117.9
30853.5
29678.8
31610
29161.4
27760.9
28022.9
27797.7
27577.9
27522.3
27312.4
26781.1
26291.6
26102
26345.7
27912.8
28055.3
27943.3
29923.7
27870.9
27869.9
28108
28045.8
29759.7
30078.2
31160.7
31209.9
31196.5
31201
30775.4
41158.6
41171.7
43421.1
42227.5
45986.5
40669.3
41521.9
39627.2
44326
46929
42692.4
38398.7
38422.9
39400.6
38204.9
37965.5
41059.2
39624.1
39577.7
37128.1
36740.9
49807.7
58714.1
54882.8
55364.6
57585.5
73756.7
74035.6
74091.2
72622.7
72620.9
67417.7
67416.5
65046.5
68927.2
69217.4
68859.3
52929.4
47774.4
48104.1
48267.8
44114.1
49064.7
49931.7
49056.5
47973.6
47535.7
40776.4
40708.1
40208.3
34402.7
34347.7
34507.9
34871.5
38203.2
46331.2
48820.4
48434.9
49395.3
48680.2
48368.1
48111.5
47986
44100.8
43834.6
43814.7
44145
43853
43777.8
43769.6
43984.5
43907.7
54811.9
54941.1
54633.9
79458.2
79400.2
79146.6
78317.6
55896.9
55928.9
57152.1
57297.5
45108.9
44906.9
44103.2
43796.4
43180.4
43675.5
42859.4
42804.4
42761.3
42715.9
43316.7
43095.5
40337.9
39699.9
39645.8
38741
36829.8
36872.7
38067.4
41835.4
41775.6
41837.5
42143.1
53554.5
54942.4
58888.8
59617.3
57400.7
57484.3
57246.3
57477.4
58340.4
58748.4
59407.8
57159.4
57029.4
71782.2
71627.1
102264
111201
110899
110459
106784
107122
107995
94702.4
101537
102912
102971
100272
99930.3
76556.4
78148.4
105818
108627
108322
108233
105643
105356
105313
105543
105842
108809
108598
108761
108473
107393
96021.7
90998.5
84353.2
84461.1
84897.8
84324.6
84796.2
84652.6
112082
112021
112768
113131
113111
112772
112741
93659.8
93785.9
93971.8
98242.7
98290.8
88134.4
88273
88471.3
87765.1
87566.7
89701.7
89699.2
85645.9
86777.8
72198.3
72028.8
72415.5
71604.2
71482.3
71736.8
72936.7
70336.6
68075.1
68357.7
57505.6
55984.2
52271
49749.8
49412.1
49255.8
49284.4
72814.2
72226.8
72692.4
73301.4
73638.2
85181.6
113871
112808
112340
112456
112150
112660
112535
82035.7
80367.3
80143.2
80010.7
68438.3
83933.3
68393.1
59176.3
58518.4
58506.4
57726.3
57681.3
57734.8
56567.8
56856
58139.4
50371.8
52783.1
52683.6
57407.1
56469.9
49190.8
50018.6
59233.9
61029.6
75345.4
73295
73092
73105.6
73337.9
73593.5
72346.5
71956.2
71832.1
72302.8
72733.1
72694
93649.9
93667.9
93936.1
93262.4
86547.8
251227
251510
251611
251150
251323
251187
250760
249861
249633
249481
249414
249390
249682
249927
250001
250049
249932
254331
254731
255298
255026
254965
254804
78707.5
80796.2
81080.9
81110.9
80892
79577.4
79460.2
80204
81342.3
81352.1
83477.5
84671.4
87189.7
82981.8
82485.2
85766.4
85821.8
83251.9
79812.1
79524.5
109130
108920
108646
81029.8
80567.5
79974.2
77546.2
77591.5
76912.7
76930.7
76887.1
81267.4
80189.1
82746.3
86229.6
85654.1
63262
62988.3
64227.3
64622.1
65262.3
64952
67130
58768.2
58209.5
63229.9
63057.7
64939.7
64574
55301.4
55386.3
55595.4
52796.1
53004.4
59123.1
59721.4
60373.5
60636.3
58699.2
59024.1
58863.1
58251
58409.1
57923
66531.5
66294.3
66567.5
66785.1
59230.8
59184.4
60562.9
60162.8
60730.3
55429.3
55509.8
55723.7
45651.9
46077.6
47260.9
38709
37199.1
36997.9
37434.6
35010.3
35361.1
36628
37628
37342.6
37036.8
36309.4
36337.3
36484.5
36428.8
41756.8
41842.8
41717.7
36803.1
38640.7
38387.1
58111.1
58141.5
60100.9
57119.9
53073.8
57599.3
49852
49825
49419.2
51664.7
50880.2
50671.5
50992.9
56161.6
58187.1
44770.3
43837.2
43975.7
41306.7
39636.9
35374.3
35436.9
35501.5
26021
24887.8
25209.9
22768.3
22520.8
27278.5
27943.2
27826.7
27893.1
28081.6
29449.8
30298.3
28958.1
28823.2
30155.2
33613.8
33895.7
33792.1
31034.2
30957.6
29700.9
30700.3
28120.7
28525.8
28455.8
28795.1
25083.2
25840.5
25480.7
25163.8
25319.8
40331.3
39183.6
39268.6
39420.9
39444.9
37423.3
31398.2
31947.5
33141.9
33614.4
33740.8
33880.7
37585.2
33761.6
32861.3
32788.6
33028.9
33035.6
30113.6
30153
27540
26457.2
34510.3
34354.2
29967
30589.1
30212.4
29427.5
28506.3
28499.4
28544.2
30343.5
30440.5
30467.4
29992.3
31810.2
32145.6
32132.1
32009
31869.6
33836.1
32559.9
32273.9
33238.7
31641.3
30972.1
31127.4
33789.6
34215.4
33992.5
33733.3
33675.6
28666.7
28706.8
31538.3
30803.5
31018
31261.1
31070.1
28883.4
28748.6
28648.4
28670.1
27982.8
28170
26802.6
26932.8
27276.1
27493
27824.4
27644
27628
27496.6
27964.1
28040.4
25553.2
25155.6
25055.1
24534.6
26747.6
26640.3
26645.2
26166.6
23832
23760.6
24721.4
24340.5
24218.7
24304.7
24451.3
26877.8
26964.3
27359.1
27079.6
29886.7
30154.2
30212.6
30384.2
30173.5
30101.5
30635.8
29915.8
30124.7
30804.9
31157.2
29731.8
29622.5
29577.9
29572.4
31332.8
31335.8
31531.7
31530.7
31318.6
30925.5
32197.5
33444
33292.9
33098.8
33070.5
33289.9
40644.2
40522.3
32816.4
30245.5
30403.9
30193.1
30270.5
30074.6
30233.8
30377.2
28141.4
28096.9
27994.8
28496
28897.4
28666.5
28333.7
28630.3
28563
28848.4
27345.1
27403
28040.3
27924.7
27899.1
28219.3
28156.7
32126
31521.2
31013.7
29860.9
30037.1
29564.6
29088.8
29122.2
30655.3
30750.8
30471.3
30079
29818.8
30118.1
30079.9
29991.8
31160.4
31609.6
31180.7
28686.4
27841.7
27909.5
28068.1
28074.4
27986.1
28011.8
27845.8
27896
23429.1
19730
19794.7
20689
20701.5
19637
18612.8
19494.7
20411.5
20880.4
20841.7
20905.1
20780.1
20776.9
21517.5
21699.2
22405.2
21858.3
22802.1
23133.5
22779
22936
23074.9
21638.1
21756.3
22274.3
21730.2
21515.4
21557.8
21167.2
20019
19692.3
19717.1
24679.7
24314.4
23997.1
24159.3
23885.5
24016.2
24217.9
24011
21616.5
21653.8
21747
21714.9
21356
21593.8
22625.7
22923.1
23144.4
24114.9
27751.1
27577.2
24275.5
23900.4
23924.2
23024.7
23191.1
23242.2
23597.3
23722.9
23537.8
23357.1
23358.6
23728.8
23680.4
23910.3
25729.1
26814.6
26891.5
26527.7
26594.2
26787.1
27603.8
26208.7
32729.2
30928.6
35875.2
36077.8
36434.1
31845.2
32371.4
32265.8
30143.4
29987.2
29601.5
29446.7
29228.6
29859
30156.5
29765.3
29717.4
81197.3
80956.1
81283.6
82189.8
81074.5
81195.7
81222.2
81274.8
81197.2
81239
83712.1
84054.6
84329.2
84142
84408.5
83772.4
83532.2
83550.5
83230.4
83206.7
82816.5
82002.2
83221.6
83142.9
407350
407407
405172
405099
405621
405652
405545
405559
405240
405302
255478
255693
278398
278194
280549
280289
280597
280974
281102
281377
281299
281283
280958
280721
105355
105334
105409
105666
106337
108601
107729
108072
90849.1
92355.9
92352.9
90474.7
90719.1
90736.4
90284.4
78226.8
77047.7
77762.6
54555.9
56377.7
54335.1
46460.6
45729.5
45396.7
45906.1
45990.7
45884.6
46286.3
47500.1
46921.8
47733.1
47760.8
47017.9
53458.7
53821.6
53890.3
54367.5
55237.6
54552.3
54151
53538.5
54145.7
54015.7
53861.6
42533.1
42315.2
43257.2
42086
41325.4
35518.5
35135.3
37728.9
35292.8
36377.9
39027.6
38859.4
37618.7
37780.2
37779.9
38671.6
37973.6
38113.5
38055.3
39570.7
44312.7
44611.1
44347.4
44501
44394.6
44427.7
44589.3
44442.4
45052.5
45188.8
45593.7
44663.3
44814.7
46805.7
44129.7
43330.8
40705.4
40473.6
40551.7
40967.8
40640.7
63092.7
86712.6
86181.6
85839.4
86166.4
86685.1
87801.4
87904.8
88222
88252.7
87507.2
87782.5
85385
77193.9
89875.7
89903
92410
92784.8
92696.2
93488.4
75029.1
74853.4
74683.5
100291
99866.5
148459
148227
147387
147336
149753
149896
292240
291935
140528
140519
140772
138113
136590
137482
138122
67952
68241.3
68137.6
66057.1
66149
62090.9
58280.1
58010.5
57198.4
57536.9
57215
51213.3
51174.2
51159.9
51237.6
51682.1
51404.2
52836.7
52844
53472.9
55694.7
55621
55470.4
55150.1
55105.8
55116
55801.4
55794.4
57092.8
57638.7
59365.4
59595.2
61111.7
61132
60942.6
61212.2
68363.3
67781.5
67821.6
68185.7
68287.3
68851.4
65847.2
64998
64546.8
58468.4
57703
57721.1
52156.7
55265
54150.1
53679
53662.2
53756.9
53800.9
53581.8
57042.6
56703.2
55749.6
55506.6
55418.5
55153
54854.7
54781.8
54815.7
53146.1
51875.7
61993.6
65750.8
66098
78714.1
78763.1
78772
82339.5
82637.7
82757.7
82975.1
62413
55748.3
55507.3
55830.6
54144.1
53845.4
54110.5
54375.8
54636.6
52789.3
53074.6
52699.7
58258.6
51769.4
51612.5
49759.8
49489.5
49327.6
48899.9
49132.6
49287.7
49789.1
58579.7
61571.9
61500.9
61550.8
52602.2
52580
52704.8
51994.2
51793.2
51991.5
51699.6
52256.1
42037.1
44748.7
44924.8
45089.8
45305.7
45403.9
45082.6
45248.8
43400.9
43596.7
43615
32757.1
33297.3
32477.6
28548.3
28570
31609.5
31750.6
33343.8
33893.2
36197.9
36433.9
36030.7
34915.2
34590
34896.8
34840.9
34557
34893.7
34626.3
34416.2
47935.7
47427
45713.7
44945.3
44950.7
44990.5
44985.4
53691.3
53480.2
53226.3
54704.9
54967.3
55734
73073
74323.4
74128.6
74166.7
75593.2
74778.9
79046.3
78506.9
77488.8
85389.6
85410.5
85417.5
88416.5
97090.3
92048.5
92019.5
91980.8
79645.3
79710
81475.7
82141.9
82272.6
88034.7
86639.2
86721.7
88108.1
87716.6
86646.3
81573.1
72675.8
68273.4
68252.9
67871.8
65390
73742.3
69196.4
66518.7
66459.3
64055.5
65397.1
65367.9
64476.6
60186.6
66459.1
62702.8
83240.2
83239.7
74183.3
73835.3
74242.7
74518.4
74474.1
64830.5
64069.1
62823
81227.1
77397.7
76596
79115.6
82812.1
108173
95419.1
92974.7
90911.5
89606.6
89661.5
103433
103756
104347
97662.6
97112.5
97171.2
97481.2
97430.3
98455.4
98619.5
98964.5
99014.7
89003.4
93504.9
104364
98664
98695.2
100292
97172.5
105096
102339
104420
104551
101694
102158
102180
102388
102236
102662
105301
104783
102482
100691
111214
111213
102268
105913
105634
105172
108064
117447
117044
115389
198274
198825
198971
198703
199100
199010
198894
200061
200413
195982
168819
159240
159387
159021
160166
159787
160691
160708
159952
160117
160411
160783
165077
164350
167218
167547
166288
162384
159957
159714
166024
166377
166008
169602
166172
164859
161841
160520
160576
160635
165169
164711
164559
161388
160937
177367
144114
143961
144030
154218
148456
106580
83654.4
77798.4
77082.4
68381
72234.9
69188.1
70774.7
70330.8
70238.7
69697.6
65748.5
65997.8
67992.9
67945.1
65606.9
50980.3
52902
52685.6
52819.3
53149.1
53914
53902.6
57303.3
54487.2
54583.5
53111.8
51030.9
50493
50505.7
50431.3
51113.5
51148.4
49144.7
49865.3
47603.9
47761.5
46495.7
45377.1
41364.8
42186.5
43015.9
50653.8
48955.6
49026.2
48173.6
48186
48132.9
47885.7
47751.6
49376.1
49287.4
46366.8
46341.8
46315.9
48570.2
48451.4
49195.5
49675.7
49674.3
50270.9
52482
77366.1
74536
59816.6
60094.1
59615.5
61175.5
60031
58195.6
58447.3
61853
64117.2
65008.2
64869.7
64508
64108.3
64609.3
64060.8
64031.8
63233.9
64203.2
72618.5
79827
79681
77077.3
76845.4
76447.7
76353.2
80953.2
81057.6
78766.6
78874.2
79426
78397.4
108130
105924
105870
252247
252393
252437
185994
185842
185189
184781
184587
184655
121446
119282
120210
120375
106145
106100
106077
105182
101483
101707
102535
102502
102694
102388
101353
101514
100790
101133
100490
100440
102336
78138.6
78647.8
82894.8
83079.1
57092.4
56846.4
58097.2
56290.4
56740.1
58666.6
57190.7
57103.9
58928.8
58344.6
63590.6
63588.2
63331.8
74416.2
76859.1
69952.1
77799.5
48985.8
52170.6
50121.8
49941.6
49854.4
49635.8
49208.7
49124.1
50703.8
49741.5
86258.3
126804
126873
87889
92580.3
101063
98416.7
97479.3
87592.6
86979.9
86837.4
83119.8
83452.8
83256.5
80396
79700.5
79396.4
79365.5
79417.7
70541.1
70284.5
70157.3
60840
60844.7
60742.7
60712.9
60225.2
59785.8
57925.2
59511
59713.4
59169
41909.3
42216.2
41362.8
41262.8
41793.2
41369.5
41774.8
40963
43938
44679
44147.1
43392
43419.1
42124.4
41777.1
42148.4
43551.3
43405.2
42922.3
41702
40886.5
41642.6
41786.9
41567.5
41280.2
41261.2
40007.4
39976.3
38247.7
39031.1
37562.8
37864
37679.6
38027
37870.6
37632.5
37354.8
37380.8
37464.1
38115.6
37870.2
37487.2
36072.4
36685.6
37079.5
37130.4
35837.7
35477.9
35147.7
35059.5
34817.5
34480
35543.3
35872.9
32861.4
32427.1
32695.6
33034.6
29463
29247
29026.3
26941.3
26962
25024.3
25449.2
25498.7
25295
25633.4
25553.4
24750.3
24600.9
23750.5
24418.6
24167.3
24361.7
24426.9
24379.9
24893.6
27746.2
28203.2
28961.8
28492.9
29632.2
28867.8
28065.4
27442.2
27497.4
27726.9
28207.9
28241.7
24235.6
24341.2
24332.6
23471.6
23371
24649
25057.7
24980.4
28793.4
29011
31037.8
32903.9
33127.4
33410.1
34518.3
34635.6
34620.5
32756.3
34642.6
36161.1
45386.8
45827.1
45559.4
43771.4
49530.8
49607.4
49563.2
49475.6
49480.3
57029.7
57364.5
57122.9
56871.7
50651.1
50018.3
45002
43957.1
44125.2
46701.4
46450.1
45864
44297.2
44304.3
44646.7
44070.8
44536.4
42214
43758
43650.5
43734.9
43557.6
42158.8
41869.6
42347.2
43130.2
45068.4
43313.1
43186.3
43028.6
42956.7
39818.2
39413.7
30884
31354.5
28111.5
27978
27595.7
27783.6
27943.3
33484.5
36418.4
36342.8
36179.3
36575.3
50722.2
50661.2
50708.1
46204.1
47154.9
48073.4
48361.4
48364.5
47890.6
47552
47388.8
51556.6
51584
51871.5
79202.7
79131.1
78975.5
79120.9
80596.1
82573
82674.3
82548
82203.3
82090.6
81993.9
64704.4
64351.6
64131.6
63719.2
63150
57850.3
57958.2
59175.9
55232.1
55074
57408.5
43224.6
42458.7
42361.2
42205.1
32563.9
32974
33995.5
33856.5
33226.4
33280.7
33340
29757.1
29397
30375.8
33286.8
33389.1
32481.1
34494.6
34079.5
33982.6
35494.4
36700.4
37120.2
37638.9
39526.8
37225.5
38356.3
38165.7
40042.5
39839.6
35283.3
34740.6
34625.1
34723.4
35512.6
39965
39517.3
39468.7
38400
38094.5
39054.8
37955.1
37028.1
37015
37662.6
37046.8
35956.6
36065.9
36207.5
34841.8
35208.2
34074.9
34780.8
33589.1
34675.5
33865.8
34235.7
34319.1
33116.5
33890.6
33475.4
32691.1
30632.3
29508.6
30526.4
30660.8
30853.3
32517.2
32520.8
38577.6
34023.6
35743.6
35596.9
31554
34306.2
34316.7
35049.3
34764.5
39972.9
40700.6
38496.8
39928.1
40195.2
38005
38891
38745.7
39011.5
38301.3
37366.3
37367.5
36994
38264.6
43286.8
44109.7
44134.5
43279.2
41460.3
40778.7
41138.5
41010.9
43114.4
43622.5
40830.9
41461.7
41477.2
40309.3
41472
46051.2
44058.9
43537.6
44033.5
50950.6
51294.6
51799.3
52462.2
52086.7
51950.9
54126.2
63595.8
62605.8
63213.8
64099.1
104230
104182
101845
100821
100829
105138
122457
102905
66656.9
77478.6
77254.8
76219.8
75852.7
64920.3
64348.6
63923
64794.6
65155
65936.9
65662.4
65024.3
64776.1
64042.5
65326.9
59845
61540.6
61539.1
61043.9
61339.4
61364.8
56824.8
57996.3
58643.7
58542.7
58832.2
58925.5
57883
57842.4
57515.4
56120.8
54342.5
53886.1
53512.5
53692.5
51113.1
51132.2
53540.9
50044.5
72432.6
72480.8
71359.7
71204.2
73385.4
73713.3
79332
80033.5
80088.1
72331.4
70176.7
70947.6
70851
70621
70438.2
70967.4
70434.5
68924.5
68753.1
68229.9
68119.7
67964.2
67553.3
67628.7
47129.1
46949.8
46343.8
46601.6
53304.7
51531.2
61085.9
53048.7
52967.6
53674.8
55637.4
40114.5
40047
44661.8
43019.2
35232.2
35839.4
36262.6
39545.5
38636.9
34263.8
34339.9
35760.9
35710.2
35951.7
35922.4
34646.1
34033.1
36025.5
34587.1
34492.1
33695.7
33866.1
33949.5
33053.7
32714.2
32310.6
31959.6
32864.3
32803.3
32607.4
32628
33006.1
32796.3
32629.3
48140.2
47770.5
47624
49589.8
51763.1
51433.6
51735.4
46544.8
46210.5
46334
50418.1
50840.6
48714
50366.7
52229.4
51523.7
50087.5
43843.7
42213.2
38188.8
38336.4
36213.8
35843.8
35821.5
36002
33563.9
33124.2
32985.6
32828.6
32893.7
32655.9
32556.7
29900.9
29951.5
29505.6
29671.5
30335.9
30312
31229
30978.4
30898.5
31130.7
31604
29761.1
29168.4
29295.1
30239
31479.3
31588
31621.5
34167.4
34724
34700.8
37544.2
45782.7
45873.7
46346.7
45704.7
45003
51270.7
49884.3
50483.1
60687.1
62024.3
51332.2
50023.2
50095.1
49274.7
49087.8
49248.3
56795.2
56414.2
56900.2
55372.1
55145
57502.6
62005.6
61495
58081.3
62554.4
63023.2
63774.1
61259.1
69133.6
69116.7
68492.3
68216.2
68135.6
68951.1
72796.7
77661.2
87052.3
87503.2
86384.7
89374.3
106034
92986.6
90508
88347.3
86564.1
81573
87544.3
86655.7
108534
94396.5
95262.6
97303.6
96871.7
96844.8
81068.3
84846.1
84202.1
101792
79805.5
79899.8
76743.4
76874.8
75753
84313.2
80689.6
81559.1
97891.5
99058.4
82647.8
81111.7
76200.7
66249
66145.1
63525.6
67047.4
67100.4
66883.7
66986.6
72115
66985.6
66941.8
68129.6
66954.7
67116.5
68706.6
68814.7
68341
67814
67795.8
68904.7
67932
67705.1
68534.8
68186.1
67940.6
67542.4
121539
122266
146460
137367
75068.5
75378
77854.6
77790.1
76409.3
77099.4
75980.3
76023
79191.2
79254.6
79114.5
76440.6
75123.7
71695.5
72767.9
68946.7
68921.9
68950.9
68919.9
54061.2
89398.9
144724
143545
138107
135590
135332
134889
134065
132953
132534
132282
80748.6
80862.5
221794
221088
221075
220890
213453
213531
213481
213581
213738
212224
212158
211345
57739.2
57894.7
58423.3
58318.5
51768.1
39202.1
39876.7
40972.6
40981.5
40102.2
33367.4
31364.1
32786.2
36779.6
35552.2
35351.9
35250.2
34363.6
34261.9
34630.6
34369.4
33850.3
33434
32744.8
33236
33147.7
32548
32495.7
32683.2
32857.3
32744.5
32842.9
32595.3
32945
46626.5
47702.9
47018.1
47045.6
46392.6
45917.2
45377.9
45353.1
47879.3
47192
48052.2
47806.6
47388.2
47373.5
50081.1
47838.9
46748.8
47169.7
47411.9
38023.6
29731.3
29666.5
28063.5
28140.9
28098.3
28120.4
26038.8
25790.7
25453.8
23479.8
23604
23273.6
23193
23825.3
23697.8
23540.8
23375.8
22741.7
23698.7
22075.6
21863.9
20230.3
19796.8
19720.1
18199.8
16610.8
16592.3
16287.4
16380.2
15875.6
16577.6
16581.3
16113
15441.1
16002.8
16584.1
16696
16940.1
16800
17714.1
19199
19922.8
22418.1
22389.8
21781.9
24132.6
24232.9
25518.5
27175
28086.9
27905.6
27515.1
25857.7
22524.1
24689.5
24864.4
24873.7
24867.2
24669.8
24330
24351.6
24318.7
24274.9
23888
23895
23656.5
27218.1
28799.6
30236.4
30357.9
32355.5
32197.5
29379.1
29602.4
27991.5
25445.2
23385.9
23737.1
24819.7
24060.7
24147.9
24175.8
24056.3
23954.3
24906.9
25615.5
25676.8
23904.8
24267.4
23550.3
23439.9
24108.5
26299.9
26821.1
26737.3
26283
26649.7
22533.5
23663.5
28870.8
28847.2
28928.4
28096.1
28892.9
27984
27951.1
27800.8
27704.7
27864.2
26206.8
25634.9
25681.7
25383.2
24371.9
20722.8
18550.3
18652
18149.8
18421.4
18069.4
18067.9
17574.9
17285.4
19530
20423.5
18827.1
18466.6
19084.5
19032.7
19128.5
28061.1
29662
30207.8
35184.2
35362.7
34280.1
31308.5
31442.1
31993.3
31904.2
31981.5
29253.4
29408.8
21884.5
21951.8
22110.8
22768.8
22380.7
22155.6
22351.1
27500.9
27602.8
27440.4
27855.9
27903.9
28930.7
28640.4
28796.8
23187.7
22707.4
22950
22461.8
21642.5
21617.9
21989
22212.2
17934.9
17829
17729.7
18212.8
17630.1
17636.8
17631.9
18010
18229.1
18172.2
18847.6
18789.5
18707.5
18932.3
18998.5
19275.7
18572.6
18601.7
19280.7
19192.5
19164.7
19069.9
16769.5
18852.2
18991.2
18934.1
18951.1
19310.1
22842.4
22883.3
22837.7
23556.1
23091.9
22509.8
22473.6
22523.3
23744.9
24969.9
26559.3
26845.1
26784.6
26265
25919.5
25969.3
25777.8
25981.5
27139
27143.6
26542.3
26570.5
27014.1
25854.5
25926.2
24028.3
21188.6
24166.5
23576.3
23320
23816.2
22643.6
22454.5
24679.8
24835.8
25188.4
26004.7
25467.8
26858.1
26544.3
26241.2
23115.3
23050
23289.1
22572
23172.2
23715
23582.6
23365
24195.7
23108.5
22945.6
24433.2
24597.9
24490.9
26453.2
26520.8
23027
22708.9
23386.1
23404.6
24382
25591.1
25505.8
24312.9
24228.1
24619.7
24179.3
24210.1
24322.7
24368.6
24363.8
24672.5
24636
24223.9
23851.5
23699.1
23049
23456.5
23814.4
23540.1
23680
23681.1
23809.2
22947.7
22962
22333.3
21032.9
20724.6
19858.6
19337.7
18697.8
18947
17263.2
17875.9
17889.3
18316.3
17382
17147.9
17096.5
17189.5
17182.3
17179.9
17598
17515
16996.1
16191.7
16010.1
15832.6
15820.2
15260.4
15334.2
14881.2
14875.8
14811.9
14966.9
14953.1
14548.8
13844
13758.9
13843.4
15157
15033.4
15225
19588.6
19661.8
19939.3
20159.4
20135.5
20256.6
20128.1
16364.6
16405.4
16561.7
16587.7
16195
15449.1
15648.2
16034.6
16199.5
16156.5
16394.2
17398.9
17133.6
16949.1
16835.2
17032.3
17234.2
16799.7
16851.6
16704.4
16657.3
16629.7
16664.4
16380.5
16224.2
16307.4
16134.9
16631.9
16571.2
15602.1
15749.5
15647
15950.7
15967.4
15838
16136.6
16239.8
15800.9
15247.2
14591.3
14589.8
14695.6
14897
14415
15047.8
15252.5
14978.9
15023.9
15047
15101.8
14677.6
14518.1
14641.7
15704.4
15582.7
15868.1
15793.9
15996.5
15969.9
16048.4
15509.9
15897
17086.1
16598.4
16460.6
16786.6
17110
17148.7
15953.2
16990.6
16301.9
16039.5
16115.2
16194
16346.2
15818.7
15473.3
16398.6
16179.9
16115.4
16146.7
17358.6
17484.3
17507.7
16858.9
16760.8
17001
17400.2
17258
17614
17648.6
18579.2
18830.4
18810.6
18734.8
18423
18468.2
18418.8
17980
18125.9
18745.4
19908.1
19889.7
19945.1
20623.6
20679.9
20648.2
21061.8
21373.3
20376.8
20106.7
20185.5
20390.8
20407.8
21457.7
19579.1
22564.5
21907.7
21856
21747.6
21765
23034.9
22703.6
31287.7
30504.2
31432.1
30961.3
30875.7
30816.8
30415.4
29356.3
29410.1
29472.7
29836.9
30057
30017.9
30562.3
30473.8
30429.3
30175.4
29960.8
29698.5
29665.7
29568.3
29263
28978.7
28677.3
28946.2
28909.3
28452.2
27258.8
26496.9
26350.1
27012.1
26944.4
32025
32443.8
32377.1
33127.3
32914.3
32562.3
32597.5
32423.5
32475.4
23878.4
24066.1
25073.2
24936.3
19949.7
19895.8
19791.1
19854
19942.1
19951.4
19329
19349.4
19093.4
18688.9
18298.9
16782.3
16621.4
17282.4
16497.9
17167.2
17699.1
16580
16457.9
17124.9
17011.7
17065.8
17072.8
17467.4
17345
16967
17666.9
17463.4
20545.2
18272.8
18071.2
17916.3
16005.7
15442.7
15296.5
15208.3
15594.1
14986.2
15493.2
14495.1
14501.3
14974
14774.2
14403.8
14254.8
14350.2
14295.4
14353.3
14248.3
14324.8
14327.5
14508.5
14284.1
14338
14184.1
14222.8
15360.6
14730
14687.1
15079
16740.9
16660
17456.2
18605.3
18162.3
18407.1
18499.8
18430.5
19303.8
17953.7
16815.5
17642.1
17585.4
17957.7
18027.4
18237.3
16944.1
17019.7
16851.4
16687.8
16512.7
16285.3
16170.7
16084.1
16263.3
19195.9
19346.7
19463.3
20677.2
20868
21211.6
21225.2
20596.3
20421.9
22674.5
22560.3
21960.8
21447.3
21431.8
20248.6
20305.1
20400.9
19517.9
19549.4
18872
19184.1
19160.2
19261.8
19272.8
18892.6
19489.6
19699.8
19320.4
19219.2
19228.6
18517
18754.9
19262.4
18935.4
18952.3
18513.3
18578.5
19205.7
19251.6
19457.1
20112.7
20701.3
20886
21062.2
20917.6
21941.7
21652.7
21946.8
20221
20186.8
20091.1
19131.4
19291.8
19168.7
18991.1
18761.5
18446.9
18505
18424.4
18767.8
22280.7
22199
23002.3
23868.3
25877.4
25621
25601.5
25590.2
25637.7
25636.2
33493.9
33712.4
33508.7
33667.6
33873
33757.1
27895.3
27538.5
26827.7
26130.7
27797.6
27700.3
27831.7
28405
26877.9
26759.4
26181.7
26261.6
25859
25888.6
25702.2
25481.7
25317.2
27106.7
27585.1
27599.2
25855.3
26325
26527.1
26145.3
24951.9
24630.1
25143.3
45170.3
45042.6
34417.1
34458.5
34414.1
34302.2
34304.4
34262.7
34145.9
34054
33976.4
34011.4
33734.6
33827
31356.5
31388
32140.7
24343.6
23978.4
24365.4
24542.2
24055
24388
24331.4
23882.7
22901.8
23225.1
24258.1
23629.4
23149.8
22840.2
22736.8
24793.2
24589.4
24564.5
24605.7
24641
24730.7
24574.8
23326.7
23297.1
23556.2
22943
23401.4
23129.8
23156.4
23597.8
23271.4
21363.2
20718.1
20795
21603.4
22447.2
24707.4
25164
24355.7
26183.1
27523.2
27175.9
25174
25379.6
25484.1
25487.7
25101.2
25147.6
24991.5
24789.8
30155.5
30343.3
31038.6
30953.7
30500.1
29106.5
29375.7
29384
36027.9
37513
37642.1
38535.3
36909.5
36663.9
38575.7
39000.5
38943.1
38827.2
38958.2
48266.8
48032.2
48088.1
48040.7
39710.4
38899.8
38454.4
38029.1
36749.9
35319.3
35304.7
34703.6
30327.5
30716.9
31570.5
32202.8
31482.5
31443.9
40550.1
40392.3
40893
38426.5
38391.8
38612.8
38969.3
39010.4
37954.5
35341.6
35370.1
35531
35742.1
36027.4
35944.8
35965.6
36099.9
38084.3
37978.2
38502.2
38254.5
38505.5
40017.1
38534.4
38123.9
37787.1
37792.3
45762.8
45541.6
45288.5
45206.6
45266
44987.6
45206
44959.2
44361.8
27477.2
27574.7
26986.3
26970
27856.5
29370.9
29550.7
28040
27245.7
28270.1
28425.3
29427.1
28648.1
27234.6
26608.8
27557.8
33247
32764.5
32746.4
33628.5
37867.7
38175.4
37777.6
37720.7
37664.4
37737.8
36130.4
36200.7
36117.7
36215.5
37145.3
35199.1
34960.2
34643.7
34623.8
34713.1
38917
38829.3
38680.5
38474.2
38502.8
39007.2
37154.6
37605.5
37919.7
37861.7
38114.9
38756.7
38636.6
38742.7
37984.9
37920.1
35828.2
32584.8
