Step, TotalE, KinE(ev/atom), PotE(ev/at), Temp(K)
0, -0.0181227 ,0.0283768, -0.0748764, 300.001
1, -0.0180712 ,0.0283038, -0.0746788, 299.504
2, -0.0179813 ,0.0281745, -0.0743302, 297.964
3, -0.0178478 ,0.0279776, -0.0738029, 295.249
4, -0.0176648 ,0.0276968, -0.0730584, 291.144
5, -0.0174282 ,0.0273103, -0.0720489, 285.35
6, -0.0171401 ,0.0267914, -0.0707229, 277.502
7, -0.0168163 ,0.0261099, -0.0690361, 267.205
8, -0.0164978 ,0.0252366, -0.0669711, 254.127
9, -0.0162608 ,0.0241531, -0.064567, 238.15
10, -0.0162141 ,0.0228681, -0.0619504, 219.593
11, -0.0164527 ,0.021448, -0.0593487, 199.447
12, -0.0168936 ,0.0200816, -0.0570568, 179.456
13, -0.0171734 ,0.0190886, -0.0553505, 161.859
14, -0.0172068 ,0.0185887, -0.0543842, 148.732
15, -0.0171088 ,0.0185165, -0.0541418, 141.246
16, -0.0170078 ,0.0187292, -0.0544663, 139.293
17, -0.0169777 ,0.0190794, -0.0551366, 141.697
18, -0.0170481 ,0.0194457, -0.0559394, 146.784
19, -0.0171888 ,0.0197611, -0.0567109, 152.924
20, -0.0173676 ,0.0199903, -0.0573482, 158.852
21, -0.0175531 ,0.0201246, -0.0578023, 163.767
22, -0.0177273 ,0.0201685, -0.0580642, 167.283
23, -0.0178688 ,0.0201404, -0.0581495, 169.321
24, -0.0179664 ,0.0200603, -0.0580871, 169.998
25, -0.0180428 ,0.0199346, -0.0579121, 169.532
26, -0.018076 ,0.0197931, -0.0576623, 168.196
27, -0.0180793 ,0.0196476, -0.0573746, 166.28
28, -0.0180822 ,0.0195008, -0.0570837, 164.069
29, -0.0180634 ,0.0193786, -0.0568207, 161.832
30, -0.0180484 ,0.0192811, -0.0566105, 159.807
31, -0.0180421 ,0.0192135, -0.0564691, 158.187
32, -0.0180333 ,0.0191835, -0.0564002, 157.093
33, -0.0180166 ,0.0191895, -0.0563957, 156.555
34, -0.0180035 ,0.0192182, -0.0564398, 156.512
35, -0.0180213 ,0.0192464, -0.0565141, 156.845
36, -0.0180723 ,0.0192633, -0.0565988, 157.411
37, -0.0181394 ,0.0192666, -0.0566725, 158.057
38, -0.0182293 ,0.0192435, -0.0567162, 158.619
39, -0.0183337 ,0.0191935, -0.0567207, 158.954
40, -0.018422 ,0.0191344, -0.0566909, 158.992
41, -0.0184642 ,0.0190897, -0.0566435, 158.769
42, -0.0184904 ,0.0190562, -0.0566029, 158.415
43, -0.0185072 ,0.0190435, -0.0565942, 158.112
44, -0.0184911 ,0.0190728, -0.0566366, 158.054
45, -0.0184428 ,0.0191463, -0.0567355, 158.384
46, -0.0183958 ,0.0192424, -0.0568806, 159.144
47, -0.0183523 ,0.0193491, -0.0570506, 160.256
48, -0.018304 ,0.0194579, -0.0572198, 161.558
49, -0.0182487 ,0.019557, -0.0573626, 162.855
50, -0.0182053 ,0.0196254, -0.057456, 163.95
51, -0.0181875 ,0.0196483, -0.0574841, 164.665
52, -0.018199 ,0.0196227, -0.0574443, 164.882
53, -0.0182365 ,0.0195557, -0.0573478, 164.58
54, -0.0182884 ,0.0194645, -0.0572174, 163.845
55, -0.0183466 ,0.0193677, -0.057082, 162.85
56, -0.0184081 ,0.0192803, -0.0569687, 161.816
57, -0.0184569 ,0.0192171, -0.0568912, 160.945
58, -0.0184992 ,0.0191736, -0.0568464, 160.341
59, -0.0185619 ,0.0191303, -0.0568226, 159.986
60, -0.018621 ,0.0190944, -0.0568098, 159.795
61, -0.0186416 ,0.0190817, -0.056805, 159.693
62, -0.0186329 ,0.0190908, -0.0568145, 159.658
63, -0.0186015 ,0.0191266, -0.0568546, 159.739
64, -0.0185716 ,0.0191863, -0.0569442, 160.06
65, -0.0185583 ,0.0192655, -0.0570892, 160.757
66, -0.0185659 ,0.0193533, -0.0572725, 161.872
67, -0.0186085 ,0.019424, -0.0574566, 163.273
68, -0.0186772 ,0.0194587, -0.0575946, 164.675
69, -0.0187238 ,0.0194614, -0.0576466, 165.724
70, -0.0187275 ,0.0194337, -0.0575949, 166.119
71, -0.0186995 ,0.0193757, -0.0574509, 165.726
72, -0.0186629 ,0.0192935, -0.05725, 164.63
73, -0.0186477 ,0.0191959, -0.0570395, 163.098
74, -0.0186384 ,0.0191108, -0.05686, 161.489
75, -0.0186208 ,0.0190533, -0.0567274, 160.107
76, -0.0186115 ,0.019011, -0.0566334, 159.074
77, -0.0186027 ,0.0189806, -0.0565639, 158.338
78, -0.0186036 ,0.0189566, -0.0565167, 157.799
79, -0.0186273 ,0.0189388, -0.0565048, 157.441
80, -0.0186741 ,0.0189358, -0.0565458, 157.36
81, -0.0186796 ,0.0189806, -0.0566408, 157.68
82, -0.0186392 ,0.0190616, -0.0567624, 158.403
83, -0.0186012 ,0.0191323, -0.0568659, 159.321
84, -0.0185823 ,0.0191668, -0.056916, 160.105
85, -0.0185757 ,0.0191659, -0.0569075, 160.49
86, -0.0185744 ,0.0191475, -0.0568695, 160.44
87, -0.0185768 ,0.0191363, -0.0568495, 160.171
88, -0.0185585 ,0.0191621, -0.0568827, 160.036
89, -0.018525 ,0.019223, -0.0569711, 160.295
90, -0.01852 ,0.0192847, -0.0570894, 160.966
91, -0.0185451 ,0.0193309, -0.0572069, 161.867
92, -0.0185918 ,0.019356, -0.0573038, 162.769
93, -0.0186526 ,0.0193615, -0.0573755, 163.518
94, -0.0187143 ,0.0193569, -0.0574281, 164.078
95, -0.0187622 ,0.0193516, -0.0574653, 164.488
96, -0.0187829 ,0.019348, -0.0574788, 164.772
97, -0.0187893 ,0.0193312, -0.0574517, 164.868
98, -0.018781 ,0.0192942, -0.0573694, 164.65
99, -0.0187689 ,0.0192299, -0.0572286, 164.011
100, -0.0187635 ,0.0191389, -0.0570412, 162.926
101, -0.0187682 ,0.0190326, -0.0568335, 161.487
102, -0.0187671 ,0.0189358, -0.0566387, 159.896
103, -0.0187379 ,0.0188736, -0.0564851, 158.401
104, -0.0186888 ,0.0188504, -0.0563897, 157.22
105, -0.0186527 ,0.0188523, -0.0563573, 156.483
106, -0.0186341 ,0.0188729, -0.0563799, 156.228
107, -0.018623 ,0.018906, -0.0564351, 156.392
108, -0.0186015 ,0.0189449, -0.0564913, 156.803
109, -0.0185682 ,0.0189767, -0.0565215, 157.224
110, -0.0185319 ,0.018993, -0.0565179, 157.454
111, -0.0185177 ,0.0189882, -0.0564941, 157.435
112, -0.018539 ,0.0189655, -0.05647, 157.262
113, -0.0186042 ,0.0189264, -0.056457, 157.081
114, -0.0187025 ,0.0188794, -0.0564613, 156.983
115, -0.018801 ,0.0188456, -0.0564922, 157.022
116, -0.0188709 ,0.0188427, -0.0565562, 157.265
117, -0.0189165 ,0.018866, -0.0566485, 157.758
118, -0.0189427 ,0.0189055, -0.0567537, 158.463
119, -0.0189425 ,0.018957, -0.0568565, 159.269
120, -0.0189245 ,0.0190118, -0.0569481, 160.06
121, -0.0188582 ,0.0190834, -0.0570251, 160.767
122, -0.0187824 ,0.019151, -0.0570844, 161.36
123, -0.0187058 ,0.0192071, -0.0571201, 161.815
124, -0.0186424 ,0.0192401, -0.0571226, 162.085
125, -0.0185974 ,0.0192424, -0.0570823, 162.097
126, -0.0185611 ,0.0192172, -0.0569955, 161.781
127, -0.0185558 ,0.0191562, -0.0568682, 161.11
128, -0.0185779 ,0.0190696, -0.0567172, 160.13
129, -0.0186 ,0.0189847, -0.0565693, 158.972
130, -0.0186439 ,0.0189075, -0.056459, 157.843
131, -0.0187042 ,0.0188585, -0.0564212, 157.006
132, -0.0187334 ,0.0188718, -0.0564769, 156.724
133, -0.0187728 ,0.0189221, -0.0566169, 157.151
134, -0.0188429 ,0.0189792, -0.0568014, 158.215
135, -0.0189368 ,0.0190219, -0.0569806, 159.618
136, -0.0190299 ,0.0190452, -0.0571204, 160.99
137, -0.0190999 ,0.019056, -0.0572118, 162.071
138, -0.0191606 ,0.0190517, -0.057264, 162.786
139, -0.019201 ,0.0190439, -0.0572888, 163.199
140, -0.0191852 ,0.0190519, -0.057289, 163.393
141, -0.0191359 ,0.0190612, -0.0572583, 163.392
142, -0.0190701 ,0.0190596, -0.0571894, 163.15
143, -0.019002 ,0.0190399, -0.0570818, 162.617
144, -0.018955 ,0.0189949, -0.0569447, 161.789
145, -0.0189328 ,0.0189304, -0.0567937, 160.735
146, -0.0189094 ,0.0188676, -0.0566445, 159.573
147, -0.0188779 ,0.0188156, -0.0565091, 158.423
148, -0.0188507 ,0.0187733, -0.0563973, 157.377
149, -0.018844 ,0.0187397, -0.0563233, 156.517
150, -0.0188523 ,0.0187272, -0.0563067, 155.954
151, -0.018869 ,0.0187461, -0.0563612, 155.832
152, -0.0188959 ,0.018792, -0.0564799, 156.251
153, -0.0189286 ,0.0188527, -0.0566341, 157.155
154, -0.0189591 ,0.0189136, -0.0567864, 158.329
155, -0.0189318 ,0.0189868, -0.0569054, 159.494
156, -0.0188696 ,0.0190515, -0.0569725, 160.407
157, -0.0188102 ,0.0190861, -0.0569823, 160.924
158, -0.0187619 ,0.0190894, -0.0569407, 161.004
159, -0.0187008 ,0.0190816, -0.056864, 160.69
160, -0.0186141 ,0.0190804, -0.0567748, 160.108
161, -0.0185618 ,0.019066, -0.0566938, 159.428
162, -0.0185688 ,0.0190317, -0.0566322, 158.806
163, -0.0186116 ,0.0189902, -0.056592, 158.33
164, -0.0186467 ,0.0189605, -0.0565677, 158.016
165, -0.0186483 ,0.0189495, -0.0565473, 157.82
166, -0.0186499 ,0.018933, -0.056516, 157.654
167, -0.0186523 ,0.0189053, -0.0564629, 157.405
168, -0.0186312 ,0.0188779, -0.056387, 156.992
169, -0.0186312 ,0.0188331, -0.0562973, 156.408
170, -0.0186531 ,0.018778, -0.0562091, 155.721
171, -0.0186713 ,0.0187335, -0.0561382, 155.045
172, -0.0186514 ,0.0187234, -0.0560982, 154.503
173, -0.01862 ,0.0187372, -0.0560944, 154.196
174, -0.0185983 ,0.0187613, -0.056121, 154.165
175, -0.0185819 ,0.0187907, -0.0561633, 154.364
176, -0.0185652 ,0.0188192, -0.0562036, 154.683
177, -0.0185549 ,0.018836, -0.0562268, 154.987
178, -0.0185498 ,0.0188391, -0.056228, 155.165
179, -0.0185522 ,0.0188337, -0.0562196, 155.18
180, -0.0185625 ,0.0188351, -0.0562326, 155.132
181, -0.0185686 ,0.0188668, -0.0563021, 155.252
182, -0.018527 ,0.0189573, -0.0564416, 155.799
183, -0.0184648 ,0.0190823, -0.0566294, 156.869
184, -0.0184118 ,0.0192054, -0.0568227, 158.302
185, -0.0183715 ,0.0193039, -0.0569794, 159.778
186, -0.0183268 ,0.0193729, -0.0570727, 160.978
187, -0.0182967 ,0.0193986, -0.0570939, 161.697
188, -0.0182886 ,0.0193805, -0.0570496, 161.865
189, -0.01828 ,0.0193381, -0.0569562, 161.531
190, -0.0182753 ,0.0192793, -0.0568339, 160.817
191, -0.0183043 ,0.0191998, -0.0567039, 159.881
192, -0.0183713 ,0.0191071, -0.0565854, 158.884
193, -0.0184461 ,0.0190234, -0.0564929, 157.974
194, -0.0184892 ,0.018972, -0.0564332, 157.261
195, -0.0184931 ,0.0189562, -0.0564055, 156.798
196, -0.0184751 ,0.0189647, -0.0564045, 156.58
197, -0.0184711 ,0.0189766, -0.0564243, 156.568
198, -0.0184746 ,0.0189926, -0.0564598, 156.719
199, -0.0184703 ,0.019017, -0.0565044, 156.99
200, -0.018426 ,0.0190616, -0.0565491, 157.33
201, -0.0183849 ,0.0191007, -0.0565862, 157.671
202, -0.0183617 ,0.0191276, -0.0566169, 157.958
203, -0.0183656 ,0.0191439, -0.0566534, 158.203
204, -0.0183927 ,0.0191586, -0.05671, 158.494
205, -0.0183909 ,0.0191997, -0.0567904, 158.935
206, -0.0183801 ,0.019252, -0.0568842, 159.553
207, -0.0183574 ,0.0193093, -0.056976, 160.273
208, -0.0183322 ,0.0193617, -0.0570555, 160.98
209, -0.0183258 ,0.0193967, -0.0571193, 161.596
210, -0.0183425 ,0.0194126, -0.0571677, 162.091
211, -0.0183695 ,0.0194177, -0.0572049, 162.469
212, -0.0184206 ,0.0194102, -0.0572409, 162.763
213, -0.0185037 ,0.019393, -0.0572898, 163.05
214, -0.0186155 ,0.0193736, -0.0573627, 163.435
215, -0.0187338 ,0.0193629, -0.0574596, 164
216, -0.0188274 ,0.0193682, -0.0575638, 164.741
217, -0.0188779 ,0.0193831, -0.0576441, 165.531
218, -0.0189239 ,0.0193702, -0.0576644, 166.133
219, -0.0189734 ,0.0193102, -0.0575939, 166.273
220, -0.0189952 ,0.0192102, -0.0574156, 165.716
221, -0.0189464 ,0.0190934, -0.0571333, 164.334
222, -0.0188561 ,0.0189606, -0.0567773, 162.159
223, -0.018748 ,0.0188289, -0.0564058, 159.429
224, -0.0186108 ,0.0187411, -0.0560929, 156.587
225, -0.0185109 ,0.0186948, -0.0559004, 154.195
226, -0.0184828 ,0.0186823, -0.0558473, 152.712
227, -0.0184864 ,0.0187153, -0.055917, 152.292
228, -0.0184421 ,0.0188195, -0.056081, 152.819
229, -0.0183923 ,0.0189546, -0.0563015, 154.073
230, -0.0183509 ,0.0190882, -0.0565273, 155.757
231, -0.0183093 ,0.019199, -0.0567074, 157.481
232, -0.018272 ,0.0192672, -0.0568065, 158.859
233, -0.0182383 ,0.0192864, -0.0568111, 159.62
234, -0.0182244 ,0.0192548, -0.0567341, 159.662
235, -0.01824 ,0.0191886, -0.0566172, 159.086
236, -0.0182691 ,0.0191217, -0.0565126, 158.209
237, -0.018297 ,0.0190717, -0.0564404, 157.409
238, -0.0183171 ,0.0190313, -0.0563796, 156.838
239, -0.0183359 ,0.0189819, -0.0562996, 156.352
240, -0.0183587 ,0.0189121, -0.0561828, 155.724
241, -0.0184073 ,0.0188115, -0.0560303, 154.82
242, -0.0184897 ,0.0186889, -0.0558675, 153.651
243, -0.018552 ,0.0185955, -0.0557429, 152.416
244, -0.0185945 ,0.0185544, -0.0557033, 151.477
245, -0.018614 ,0.0185713, -0.0557566, 151.175
246, -0.0186248 ,0.0186195, -0.0558638, 151.565
247, -0.0186315 ,0.0186706, -0.0559728, 152.368
248, -0.0186372 ,0.0187097, -0.0560565, 153.198
249, -0.0186377 ,0.0187437, -0.056125, 153.853
250, -0.018632 ,0.0187867, -0.0562054, 154.4
251, -0.018636 ,0.0188374, -0.0563107, 155.03
252, -0.0186274 ,0.0189011, -0.0564295, 155.84
253, -0.018621 ,0.0189601, -0.0565412, 156.749
254, -0.0185955 ,0.0190182, -0.0566318, 157.608
255, -0.0185735 ,0.0190606, -0.0566946, 158.307
256, -0.01855 ,0.0190876, -0.0567253, 158.791
257, -0.0185063 ,0.0191103, -0.0567269, 159.029
258, -0.0184898 ,0.0191144, -0.0567186, 159.051
259, -0.0184896 ,0.0191217, -0.0567331, 159.004
260, -0.0185051 ,0.0191477, -0.0568005, 159.132
261, -0.0185365 ,0.0191978, -0.0569321, 159.661
262, -0.0185614 ,0.0192753, -0.057112, 160.672
263, -0.0185729 ,0.0193655, -0.0573039, 162.047
264, -0.0185615 ,0.0194533, -0.0574681, 163.512
265, -0.0185446 ,0.0195166, -0.0575778, 164.771
266, -0.018535 ,0.0195443, -0.0576237, 165.616
267, -0.0185312 ,0.0195396, -0.0576105, 165.974
268, -0.0185305 ,0.01951, -0.0575505, 165.879
269, -0.0185381 ,0.0194598, -0.0574577, 165.421
270, -0.0185611 ,0.0193909, -0.057343, 164.708
271, -0.0186022 ,0.0193052, -0.0572126, 163.823
272, -0.0186559 ,0.0192068, -0.0570695, 162.815
273, -0.0187043 ,0.019107, -0.0569182, 161.709
274, -0.0187228 ,0.0190248, -0.0567725, 160.544
275, -0.0187196 ,0.0189689, -0.0566574, 159.429
276, -0.0186637 ,0.0189686, -0.056601, 158.554
277, -0.0185778 ,0.0190183, -0.0566144, 158.124
278, -0.0185051 ,0.0190864, -0.056678, 158.217
279, -0.0184611 ,0.0191433, -0.0567477, 158.684
280, -0.0184386 ,0.0191713, -0.0567812, 159.2
281, -0.0184379 ,0.0191636, -0.0567651, 159.451
282, -0.0184588 ,0.0191333, -0.0567254, 159.339
283, -0.0184866 ,0.0191088, -0.0567042, 159.055
284, -0.0185088 ,0.0191056, -0.05672, 158.9
285, -0.0185414 ,0.0191058, -0.056753, 159.011
286, -0.0185918 ,0.0190878, -0.0567674, 159.248
287, -0.0186504 ,0.0190458, -0.056742, 159.349
288, -0.0187029 ,0.0189891, -0.0566812, 159.156
289, -0.0187415 ,0.0189325, -0.0566064, 158.698
290, -0.0187657 ,0.0188864, -0.0565386, 158.131
291, -0.0187737 ,0.0188563, -0.0564862, 157.61
292, -0.018791 ,0.0188276, -0.0564461, 157.201
293, -0.0188214 ,0.0187962, -0.0564138, 156.888
294, -0.018841 ,0.0187753, -0.0563915, 156.638
295, -0.0188716 ,0.0187583, -0.0563882, 156.47
296, -0.0188944 ,0.0187588, -0.0564119, 156.449
297, -0.0189321 ,0.018766, -0.056464, 156.634
298, -0.0189847 ,0.0187765, -0.0565377, 157.034
299, -0.0190399 ,0.0187909, -0.0566217, 157.599
300, -0.0190999 ,0.018802, -0.0567038, 158.244
301, -0.019152 ,0.0188103, -0.0567726, 158.874
302, -0.0191844 ,0.0188176, -0.0568196, 159.402
303, -0.0191713 ,0.0188349, -0.0568411, 159.764
304, -0.0191026 ,0.0188681, -0.0568389, 159.93
305, -0.0189912 ,0.0189154, -0.0568219, 159.917
306, -0.0188727 ,0.0189649, -0.0568025, 159.791
307, -0.0187812 ,0.0190022, -0.0567855, 159.643
308, -0.0187316 ,0.0190157, -0.056763, 159.506
309, -0.0187024 ,0.0190111, -0.0567246, 159.326
310, -0.0186613 ,0.0190058, -0.0566728, 159.03
311, -0.0186345 ,0.0189949, -0.0566243, 158.638
312, -0.0186068 ,0.0189955, -0.0565977, 158.271
313, -0.0185995 ,0.0190014, -0.0566023, 158.07
314, -0.0186215 ,0.0190071, -0.0566358, 158.104
315, -0.0186359 ,0.019026, -0.0566879, 158.357
316, -0.0186142 ,0.0190645, -0.0567432, 158.753
317, -0.0185936 ,0.0190955, -0.0567845, 159.173
318, -0.0185814 ,0.0191086, -0.0567985, 159.485
319, -0.0185771 ,0.0191026, -0.0567824, 159.593
320, -0.0185621 ,0.0190904, -0.056743, 159.471
321, -0.0185366 ,0.0190773, -0.0566913, 159.17
322, -0.0185128 ,0.0190636, -0.05664, 158.774
323, -0.0184986 ,0.0190554, -0.0566095, 158.386
324, -0.0185056 ,0.0190601, -0.0566257, 158.162
325, -0.0185357 ,0.0190835, -0.0567027, 158.296
326, -0.018577 ,0.0191258, -0.0568285, 158.886
327, -0.018638 ,0.0191652, -0.0569685, 159.844
328, -0.0186856 ,0.019196, -0.0570777, 160.906
329, -0.0187034 ,0.0192076, -0.0571185, 161.734
330, -0.0186978 ,0.0191897, -0.0570771, 162.044
331, -0.0186699 ,0.0191498, -0.0569696, 161.733
332, -0.0186415 ,0.0190961, -0.0568336, 160.921
333, -0.0186323 ,0.0190379, -0.0567081, 159.889
334, -0.0186477 ,0.0189836, -0.0566149, 158.928
335, -0.0186757 ,0.0189416, -0.056559, 158.209
336, -0.0187023 ,0.0189178, -0.0565379, 157.775
337, -0.0187206 ,0.0189129, -0.0565464, 157.609
338, -0.0187464 ,0.0189149, -0.0565763, 157.669
339, -0.0187777 ,0.0189215, -0.0566208, 157.896
340, -0.0188184 ,0.018931, -0.0566803, 158.24
341, -0.018853 ,0.0189545, -0.0567619, 158.704
342, -0.0188474 ,0.0190112, -0.0568698, 159.337
343, -0.0187885 ,0.0191023, -0.0569932, 160.167
344, -0.0187455 ,0.0191796, -0.0571047, 161.107
345, -0.0187324 ,0.0192208, -0.0571739, 161.952
346, -0.0187473 ,0.01922, -0.0571873, 162.481
347, -0.0187823 ,0.0191867, -0.0571556, 162.59
348, -0.0188277 ,0.0191362, -0.0571001, 162.355
349, -0.0188664 ,0.0190857, -0.0570377, 161.933
350, -0.0188709 ,0.0190583, -0.0569875, 161.459
351, -0.018834 ,0.0190664, -0.0569668, 161.081
352, -0.0187755 ,0.0190962, -0.0569678, 160.918
353, -0.0187221 ,0.0191188, -0.0569597, 160.911
354, -0.0186771 ,0.0191192, -0.0569154, 160.836
355, -0.0186178 ,0.0191046, -0.0568271, 160.491
356, -0.0185559 ,0.0190749, -0.0567058, 159.815
357, -0.0185032 ,0.0190356, -0.0565745, 158.888
358, -0.0184671 ,0.0189956, -0.0564582, 157.886
359, -0.0184402 ,0.0189684, -0.0563769, 156.996
360, -0.0184338 ,0.018955, -0.0563438, 156.373
361, -0.018448 ,0.0189571, -0.0563622, 156.12
362, -0.0184833 ,0.0189692, -0.0564218, 156.258
363, -0.0185184 ,0.018992, -0.0565024, 156.71
364, -0.0185411 ,0.0190218, -0.0565847, 157.326
365, -0.0185517 ,0.0190529, -0.0566574, 157.959
366, -0.0185428 ,0.0190867, -0.0567163, 158.521
367, -0.0185195 ,0.0191205, -0.0567605, 158.978
368, -0.0184947 ,0.0191483, -0.0567913, 159.322
369, -0.0184784 ,0.0191654, -0.0568091, 159.561
370, -0.0184839 ,0.019164, -0.0568119, 159.698
371, -0.0185108 ,0.0191432, -0.0567971, 159.718
372, -0.0185406 ,0.0191133, -0.0567673, 159.605
373, -0.0185623 ,0.0190841, -0.0567305, 159.378
374, -0.0185821 ,0.0190562, -0.0566945, 159.098
375, -0.018605 ,0.0190281, -0.0566611, 158.819
376, -0.0186353 ,0.0189957, -0.0566267, 158.558
377, -0.0186659 ,0.0189616, -0.056589, 158.29
378, -0.0186767 ,0.0189387, -0.0565542, 158.001
379, -0.0186643 ,0.0189364, -0.0565371, 157.739
380, -0.0186381 ,0.0189558, -0.0565497, 157.613
381, -0.0186262 ,0.0189797, -0.0565855, 157.707
382, -0.0186241 ,0.0189958, -0.0566158, 157.968
383, -0.0186168 ,0.0189941, -0.0566049, 158.182
384, -0.0186146 ,0.0189592, -0.056533, 158.086
385, -0.018623 ,0.0188931, -0.0564093, 157.532
386, -0.0186522 ,0.018809, -0.0562702, 156.592
387, -0.0186814 ,0.0187401, -0.0561617, 155.539
388, -0.0186596 ,0.0187287, -0.0561171, 154.715
389, -0.0186418 ,0.0187527, -0.0561471, 154.374
390, -0.0186562 ,0.0187943, -0.0562448, 154.602
391, -0.0186911 ,0.0188516, -0.0563943, 155.35
392, -0.0187233 ,0.018926, -0.0565754, 156.498
393, -0.0187555 ,0.0190035, -0.0567625, 157.888
394, -0.0187839 ,0.0190712, -0.0569264, 159.323
395, -0.0187864 ,0.0191263, -0.0570389, 160.579
396, -0.0187609 ,0.0191601, -0.0570811, 161.441
397, -0.0187244 ,0.0191626, -0.0570497, 161.766
398, -0.0186969 ,0.0191317, -0.0569603, 161.531
399, -0.0186842 ,0.0190794, -0.056843, 160.855
400, -0.0186659 ,0.0190324, -0.0567307, 159.964
401, -0.0186329 ,0.0190065, -0.056646, 159.106
402, -0.0186083 ,0.0189936, -0.0565955, 158.453
403, -0.0186026 ,0.018985, -0.0565726, 158.058
404, -0.0186174 ,0.0189735, -0.0565643, 157.874
405, -0.0186501 ,0.0189532, -0.0565566, 157.803
406, -0.0186782 ,0.0189298, -0.0565378, 157.737
407, -0.0186907 ,0.0189061, -0.056503, 157.589
408, -0.0186956 ,0.0188815, -0.0564586, 157.323
409, -0.0186979 ,0.0188636, -0.0564252, 156.99
410, -0.0186843 ,0.0188744, -0.0564331, 156.747
411, -0.0186849 ,0.0189117, -0.0565084, 156.823
412, -0.0187019 ,0.0189778, -0.0566574, 157.41
413, -0.0187182 ,0.0190717, -0.0568616, 158.553
414, -0.0187394 ,0.0191737, -0.0570867, 160.116
415, -0.0187706 ,0.0192629, -0.0572964, 161.84
416, -0.0187894 ,0.0193349, -0.0574592, 163.447
417, -0.0187853 ,0.0193823, -0.0575499, 164.694
418, -0.0187714 ,0.0193904, -0.0575522, 165.387
419, -0.0187525 ,0.019356, -0.0574646, 165.402
420, -0.0187351 ,0.0192846, -0.0573043, 164.731
421, -0.0187193 ,0.0191944, -0.0571081, 163.508
422, -0.0187092 ,0.0191074, -0.0569239, 162.013
423, -0.0187235 ,0.019033, -0.0567896, 160.606
424, -0.018747 ,0.0189834, -0.0567138, 159.57
425, -0.0187347 ,0.0189719, -0.0566786, 158.973
426, -0.0186985 ,0.0189809, -0.0566603, 158.688
427, -0.018672 ,0.0189891, -0.0566502, 158.541
428, -0.018678 ,0.0189907, -0.0566594, 158.469
429, -0.018685 ,0.0190086, -0.0567021, 158.548
430, -0.0186595 ,0.0190581, -0.0567758, 158.879
431, -0.0186339 ,0.0191133, -0.0568605, 159.439
432, -0.0186201 ,0.0191575, -0.056935, 160.085
433, -0.0186156 ,0.0191871, -0.0569899, 160.659
434, -0.0185835 ,0.0192214, -0.0570264, 161.085
435, -0.0185302 ,0.0192573, -0.0570449, 161.369
436, -0.01849 ,0.0192737, -0.0570374, 161.507
437, -0.0184817 ,0.0192571, -0.0569959, 161.442
438, -0.0184834 ,0.0192211, -0.0569255, 161.123
439, -0.0185252 ,0.0191597, -0.0568446, 160.587
440, -0.018552 ,0.0191098, -0.0567717, 159.97
441, -0.0185374 ,0.019088, -0.0567133, 159.409
442, -0.0185087 ,0.0190776, -0.0566638, 158.953
443, -0.0184929 ,0.0190607, -0.0566142, 158.565
444, -0.0184923 ,0.0190347, -0.0565617, 158.178
445, -0.0184961 ,0.0190087, -0.0565136, 157.775
446, -0.0185148 ,0.0189846, -0.056484, 157.41
447, -0.0185143 ,0.0189825, -0.0564793, 157.186
448, -0.0185183 ,0.0189815, -0.0564813, 157.14
449, -0.0185534 ,0.0189509, -0.0564552, 157.138
450, -0.0186037 ,0.0188868, -0.0563772, 156.925
451, -0.0186471 ,0.018802, -0.056251, 156.325
452, -0.0186888 ,0.0187079, -0.0561046, 155.363
453, -0.0187331 ,0.0186214, -0.0559759, 154.25
454, -0.0187106 ,0.0185909, -0.0558924, 153.268
455, -0.0187196 ,0.0185689, -0.0558573, 152.624
456, -0.0187548 ,0.0185482, -0.0558513, 152.342
457, -0.0187797 ,0.0185328, -0.0558453, 152.28
458, -0.0187841 ,0.0185141, -0.0558124, 152.22
459, -0.0187832 ,0.0184778, -0.0557389, 151.958
460, -0.0187848 ,0.0184227, -0.0556302, 151.392
461, -0.0188006 ,0.0183545, -0.0555096, 150.562
462, -0.0188216 ,0.0182944, -0.0554103, 149.645
463, -0.0188274 ,0.0182691, -0.0553655, 148.894
464, -0.0187892 ,0.0183041, -0.0553974, 148.559
465, -0.0187294 ,0.0183891, -0.0555076, 148.807
466, -0.0186873 ,0.0184946, -0.0556765, 149.65
467, -0.0186654 ,0.0186049, -0.0558752, 150.943
468, -0.0186725 ,0.0187045, -0.0560815, 152.471
469, -0.0187007 ,0.018793, -0.0562868, 154.065
470, -0.0187293 ,0.0188806, -0.0564906, 155.656
471, -0.018753 ,0.0189684, -0.0566899, 157.234
472, -0.0187722 ,0.0190496, -0.0568715, 158.771
473, -0.0187847 ,0.0191144, -0.0570136, 160.166
474, -0.0187972 ,0.0191506, -0.0570984, 161.256
475, -0.0188017 ,0.019161, -0.0571237, 161.911
476, -0.0188067 ,0.0191484, -0.0571035, 162.114
477, -0.0187993 ,0.019128, -0.0570553, 161.967
478, -0.0187779 ,0.019104, -0.056986, 161.596
479, -0.0187507 ,0.0190692, -0.0568892, 161.054
480, -0.0187141 ,0.0190196, -0.0567533, 160.296
481, -0.0186822 ,0.0189447, -0.0565716, 159.239
482, -0.018668 ,0.0188411, -0.0563502, 157.834
483, -0.0186687 ,0.0187233, -0.0561154, 156.132
484, -0.018654 ,0.0186281, -0.0559102, 154.335
485, -0.0186395 ,0.0185685, -0.0557766, 152.768
486, -0.018645 ,0.0185438, -0.0557326, 151.742
487, -0.0185903 ,0.0185872, -0.0557647, 151.393
488, -0.0185262 ,0.0186586, -0.0558433, 151.625
489, -0.0184745 ,0.0187357, -0.055946, 152.222
490, -0.0184344 ,0.0188163, -0.056067, 153.014
491, -0.0184209 ,0.018893, -0.056207, 153.952
492, -0.0184183 ,0.0189693, -0.0563569, 155.032
493, -0.0184571 ,0.0190191, -0.0564954, 156.181
494, -0.0185268 ,0.0190389, -0.0566045, 157.242
495, -0.0186015 ,0.0190428, -0.0566871, 158.088
496, -0.0186619 ,0.0190513, -0.0567644, 158.74
497, -0.0187082 ,0.0190731, -0.0568545, 159.349
498, -0.0187449 ,0.0191062, -0.0569574, 160.047
499, -0.0187626 ,0.0191472, -0.0570569, 160.836
500, -0.0187495 ,0.0191892, -0.0571279, 161.595
501, -0.0187329 ,0.0192066, -0.0571462, 162.132
502, -0.0187232 ,0.0191885, -0.0571002, 162.268
503, -0.0187 ,0.0191476, -0.0569953, 161.915
504, -0.0186796 ,0.0190847, -0.056849, 161.113
505, -0.0186695 ,0.0190088, -0.0566872, 159.994
506, -0.0186672 ,0.0189359, -0.056539, 158.757
507, -0.0186561 ,0.0188866, -0.0564293, 157.623
508, -0.018629 ,0.0188715, -0.0563719, 156.781
509, -0.0186177 ,0.0188756, -0.0563689, 156.338
510, -0.0186351 ,0.0188892, -0.0564135, 156.312
511, -0.0186597 ,0.0189168, -0.0564933, 156.651
512, -0.0186423 ,0.0189752, -0.0565927, 157.261
513, -0.0186382 ,0.0190296, -0.0566973, 158.023
514, -0.0186641 ,0.0190668, -0.0567976, 158.828
515, -0.0187008 ,0.0190955, -0.0568917, 159.603
516, -0.0187428 ,0.0191194, -0.0569815, 160.332
517, -0.0187985 ,0.0191339, -0.0570664, 161.026
518, -0.0188593 ,0.0191402, -0.0571396, 161.679
519, -0.0189078 ,0.019141, -0.0571897, 162.24
520, -0.0189291 ,0.0191381, -0.0572053, 162.621
521, -0.0189244 ,0.0191287, -0.0571818, 162.738
522, -0.0189119 ,0.0191069, -0.0571258, 162.559
523, -0.0189135 ,0.0190694, -0.0570523, 162.133
524, -0.0189368 ,0.0190207, -0.0569783, 161.573
525, -0.0189798 ,0.0189692, -0.0569183, 161.007
526, -0.0190027 ,0.0189402, -0.0568831, 160.547
527, -0.0189993 ,0.0189395, -0.0568784, 160.279
528, -0.0189853 ,0.0189567, -0.0568987, 160.239
529, -0.0189643 ,0.0189821, -0.0569285, 160.389
530, -0.0189256 ,0.0190125, -0.0569506, 160.611
531, -0.0188463 ,0.0190555, -0.0569573, 160.779
532, -0.0187401 ,0.0191069, -0.0569539, 160.834
533, -0.0186537 ,0.0191497, -0.056953, 160.815
534, -0.0186001 ,0.0191821, -0.0569643, 160.813
535, -0.0185797 ,0.0192043, -0.0569883, 160.901
536, -0.0185803 ,0.0192194, -0.0570192, 161.083
537, -0.0185884 ,0.0192323, -0.0570531, 161.32
538, -0.0185823 ,0.0192544, -0.0570911, 161.583
539, -0.0185384 ,0.0192968, -0.057132, 161.876
540, -0.0184681 ,0.0193481, -0.0571643, 162.187
541, -0.0184026 ,0.0193835, -0.0571696, 162.426
542, -0.0183545 ,0.0193913, -0.057137, 162.461
543, -0.0183288 ,0.0193722, -0.0570732, 162.211
544, -0.0183393 ,0.0193288, -0.0569969, 161.727
545, -0.0183507 ,0.0192856, -0.0569219, 161.143
546, -0.0183554 ,0.0192451, -0.0568455, 160.56
547, -0.0183535 ,0.0192003, -0.0567542, 159.959
548, -0.0183543 ,0.0191415, -0.0566374, 159.245
549, -0.0183693 ,0.0190644, -0.0564981, 158.341
550, -0.0183629 ,0.0189942, -0.0563512, 157.269
551, -0.0183376 ,0.0189389, -0.0562153, 156.14
552, -0.0183401 ,0.0188819, -0.056104, 155.095
553, -0.0183651 ,0.0188296, -0.0560244, 154.237
554, -0.0184345 ,0.0187716, -0.0559776, 153.623
555, -0.0185596 ,0.0186987, -0.0559571, 153.26
556, -0.0186789 ,0.0186378, -0.0559544, 153.1
557, -0.0187122 ,0.018625, -0.0559622, 153.079
558, -0.0186823 ,0.0186445, -0.0559712, 153.138
559, -0.0186263 ,0.0186717, -0.0559696, 153.203
560, -0.0185587 ,0.0186965, -0.0559518, 153.19
561, -0.0184776 ,0.0187246, -0.0559269, 153.057
562, -0.0183941 ,0.0187619, -0.0559178, 152.878
563, -0.0183219 ,0.018813, -0.0559479, 152.821
564, -0.0182643 ,0.018881, -0.0560262, 153.059
565, -0.0182297 ,0.0189581, -0.056146, 153.662
566, -0.018233 ,0.0190313, -0.0562956, 154.584
567, -0.0182747 ,0.0190948, -0.0564643, 155.737
568, -0.0183372 ,0.0191508, -0.0566389, 157.037
569, -0.0183945 ,0.019203, -0.0568005, 158.379
570, -0.0184475 ,0.0192403, -0.056928, 159.618
571, -0.0185031 ,0.0192515, -0.0570061, 160.597
572, -0.0185458 ,0.0192427, -0.0570313, 161.198
573, -0.018564 ,0.0192258, -0.0570157, 161.397
574, -0.0185633 ,0.019212, -0.0569874, 161.29
575, -0.0185735 ,0.0192011, -0.0569757, 161.086
576, -0.0185977 ,0.0191951, -0.0569879, 160.999
577, -0.0186432 ,0.0191814, -0.057006, 161.083
578, -0.0186868 ,0.0191594, -0.0570056, 161.211
579, -0.0187043 ,0.019134, -0.0569723, 161.201
580, -0.0187003 ,0.0191018, -0.056904, 160.943
581, -0.0186818 ,0.0190626, -0.056807, 160.417
582, -0.0186645 ,0.0190135, -0.0566916, 159.67
583, -0.0186572 ,0.0189564, -0.05657, 158.781
584, -0.0186613 ,0.018899, -0.0564594, 157.846
585, -0.0186789 ,0.0188538, -0.0563865, 157.001
586, -0.018704 ,0.0188399, -0.0563839, 156.451
587, -0.0187231 ,0.0188727, -0.0564684, 156.439
588, -0.0187156 ,0.0189511, -0.0566177, 157.08
589, -0.0187304 ,0.0190242, -0.0567789, 158.208
590, -0.0187309 ,0.0190865, -0.056904, 159.431
591, -0.0187071 ,0.0191312, -0.0569696, 160.389
592, -0.0186712 ,0.0191496, -0.0569704, 160.895
593, -0.0186369 ,0.0191383, -0.0569135, 160.905
594, -0.0186189 ,0.0191004, -0.0568196, 160.475
595, -0.018591 ,0.0190641, -0.0567191, 159.762
596, -0.0185406 ,0.0190523, -0.0566452, 158.999
597, -0.0185001 ,0.0190632, -0.0566265, 158.44
598, -0.0184877 ,0.0190931, -0.056674, 158.3
599, -0.018504 ,0.0191331, -0.0567701, 158.659
600, -0.0185129 ,0.0191796, -0.0568721, 159.381
601, -0.0185123 ,0.0192103, -0.056933, 160.147
602, -0.0185092 ,0.0192063, -0.0569218, 160.603
603, -0.0184989 ,0.0191692, -0.0568373, 160.517
604, -0.0184752 ,0.0191164, -0.0567079, 159.878
605, -0.0184604 ,0.01906, -0.0565805, 158.901
606, -0.0184774 ,0.0190119, -0.0565013, 157.939
607, -0.0185313 ,0.0189833, -0.0564978, 157.34
608, -0.0186132 ,0.0189793, -0.0565719, 157.314
609, -0.0186957 ,0.0190056, -0.0567068, 157.879
610, -0.0187859 ,0.019048, -0.056882, 158.913
611, -0.0188777 ,0.0191022, -0.0570821, 160.263
612, -0.0189554 ,0.01917, -0.0572955, 161.808
613, -0.0190127 ,0.0192462, -0.0575052, 163.453
614, -0.019027 ,0.0193286, -0.0576842, 165.064
615, -0.0190205 ,0.0193914, -0.0578033, 166.436
616, -0.0190049 ,0.0194194, -0.0578437, 167.349
617, -0.0189753 ,0.019413, -0.0578012, 167.659
618, -0.0189446 ,0.0193702, -0.0576851, 167.335
619, -0.0189072 ,0.0193042, -0.0575156, 166.445
620, -0.0188528 ,0.0192343, -0.0573213, 165.146
621, -0.0188235 ,0.0191537, -0.0571309, 163.656
622, -0.0188156 ,0.0190738, -0.0569631, 162.189
623, -0.0188329 ,0.0189979, -0.0568288, 160.894
624, -0.0188705 ,0.0189358, -0.0567421, 159.859
625, -0.0188948 ,0.0189137, -0.0567223, 159.198
626, -0.0188873 ,0.0189436, -0.0567744, 159.047
627, -0.0188713 ,0.0190029, -0.056877, 159.439
628, -0.0188645 ,0.0190674, -0.0569993, 160.218
629, -0.0188674 ,0.0191265, -0.0571204, 161.155
630, -0.0188713 ,0.0191789, -0.057229, 162.089
631, -0.0188776 ,0.0192187, -0.057315, 162.925
632, -0.018873 ,0.0192482, -0.0573693, 163.587
633, -0.0188607 ,0.0192639, -0.0573886, 164.007
634, -0.0188568 ,0.0192596, -0.057376, 164.159
635, -0.0188534 ,0.0192432, -0.0573398, 164.067
636, -0.0188216 ,0.0192345, -0.0572906, 163.792
637, -0.0187756 ,0.0192314, -0.0572383, 163.418
638, -0.0187212 ,0.0192334, -0.057188, 163.016
639, -0.0186791 ,0.0192287, -0.0571365, 162.625
640, -0.0186523 ,0.0192111, -0.0570744, 162.222
641, -0.0186566 ,0.0191681, -0.0569927, 161.736
642, -0.018696 ,0.0190988, -0.0568935, 161.104
643, -0.0187499 ,0.0190214, -0.0567926, 160.345
644, -0.0187839 ,0.0189616, -0.056707, 159.573
645, -0.0187931 ,0.0189226, -0.0566383, 158.911
646, -0.0187823 ,0.0188947, -0.0565717, 158.37
647, -0.0187547 ,0.0188689, -0.0564925, 157.846
648, -0.018737 ,0.018833, -0.0564031, 157.234
649, -0.0187408 ,0.0187928, -0.0563265, 156.553
650, -0.0187561 ,0.0187696, -0.0562954, 155.977
651, -0.0187325 ,0.0187988, -0.0563302, 155.746
652, -0.0186735 ,0.0188739, -0.0564213, 156.011
653, -0.0186049 ,0.0189629, -0.0565308, 156.696
654, -0.0185352 ,0.0190413, -0.0566177, 157.522
655, -0.0184783 ,0.0190935, -0.0566652, 158.187
656, -0.0184544 ,0.0191161, -0.0566866, 158.563
657, -0.0184855 ,0.0191121, -0.0567097, 158.745
658, -0.0185545 ,0.0190993, -0.0567531, 158.934
659, -0.0185989 ,0.0191073, -0.0568135, 159.269
660, -0.0185995 ,0.0191368, -0.0568731, 159.728
661, -0.0185944 ,0.0191607, -0.0569159, 160.181
662, -0.018597 ,0.0191708, -0.0569386, 160.512
663, -0.0186023 ,0.0191745, -0.0569513, 160.694
664, -0.0186169 ,0.0191765, -0.0569699, 160.801
665, -0.0186388 ,0.0191827, -0.0570043, 160.951
666, -0.018655 ,0.0191976, -0.0570501, 161.214
667, -0.0186629 ,0.0192132, -0.0570893, 161.56
668, -0.0186664 ,0.0192161, -0.0570986, 161.851
669, -0.0186677 ,0.0191973, -0.0570623, 161.915
670, -0.0186544 ,0.0191621, -0.0569786, 161.633
671, -0.0186451 ,0.0191072, -0.0568596, 160.991
672, -0.0186581 ,0.0190343, -0.0567267, 160.08
673, -0.018683 ,0.018962, -0.0566069, 159.064
674, -0.0186871 ,0.0189195, -0.056526, 158.149
675, -0.0186516 ,0.0189231, -0.0564979, 157.53
676, -0.0185884 ,0.0189642, -0.0565169, 157.308
677, -0.0185266 ,0.0190176, -0.0565618, 157.443
678, -0.0184726 ,0.0190665, -0.0566056, 157.776
679, -0.0183961 ,0.0191137, -0.0566236, 158.1
680, -0.0183063 ,0.0191477, -0.0566016, 158.229
681, -0.0182617 ,0.0191476, -0.0565568, 158.062
682, -0.0183067 ,0.0191243, -0.0565554, 157.748
683, -0.01833 ,0.0191641, -0.0566581, 157.771
684, -0.0183394 ,0.0192469, -0.0568332, 158.549
685, -0.0183422 ,0.0193276, -0.0569973, 159.863
686, -0.0183502 ,0.019376, -0.0571022, 161.115
687, -0.0183603 ,0.0193919, -0.0571441, 161.931
688, -0.0183614 ,0.0193873, -0.057136, 162.267
689, -0.0183361 ,0.0193748, -0.0570856, 162.209
690, -0.0182984 ,0.0193481, -0.0569947, 161.818
691, -0.0182574 ,0.01931, -0.0568774, 161.118
692, -0.0182377 ,0.0192697, -0.0567771, 160.23
693, -0.0182625 ,0.0192433, -0.0567491, 159.483
694, -0.018331 ,0.0192416, -0.0568141, 159.277
695, -0.01842 ,0.0192617, -0.0569433, 159.764
696, -0.0185198 ,0.0192835, -0.0570868, 160.739
697, -0.0186068 ,0.0192966, -0.0572001, 161.828
698, -0.0186715 ,0.0192931, -0.0572576, 162.692
699, -0.0187312 ,0.0192629, -0.0572571, 163.137
700, -0.0187579 ,0.0192288, -0.0572154, 163.142
701, -0.01877 ,0.0191928, -0.0571557, 162.831
702, -0.0187758 ,0.0191598, -0.0570954, 162.378
703, -0.0187801 ,0.0191311, -0.0570424, 161.915
704, -0.0187781 ,0.01911, -0.0569981, 161.505
705, -0.018755 ,0.0191045, -0.0569639, 161.162
706, -0.0187216 ,0.0191123, -0.0569463, 160.901
707, -0.0187036 ,0.0191273, -0.0569583, 160.772
708, -0.0187236 ,0.0191446, -0.0570128, 160.871
709, -0.018769 ,0.0191717, -0.0571125, 161.295
710, -0.0188074 ,0.0192183, -0.0572439, 162.059
711, -0.0188492 ,0.0192674, -0.057384, 163.063
712, -0.0188709 ,0.0193204, -0.0575117, 164.135
713, -0.0188622 ,0.0193775, -0.0576172, 165.118
714, -0.0188313 ,0.0194336, -0.0576984, 165.933
715, -0.0187927 ,0.0194782, -0.057749, 166.558
716, -0.0187548 ,0.0194974, -0.0577497, 166.939
717, -0.0187409 ,0.0194668, -0.0576746, 166.93
718, -0.0187645 ,0.0193732, -0.057511, 166.341
719, -0.018805 ,0.0192322, -0.0572694, 165.08
720, -0.0188515 ,0.019064, -0.0569796, 163.224
721, -0.0188912 ,0.0188947, -0.0566807, 160.999
722, -0.0189256 ,0.0187418, -0.0564092, 158.703
723, -0.0189674 ,0.0186099, -0.0561873, 156.612
724, -0.0189986 ,0.0185107, -0.0560199, 154.896
725, -0.0190089 ,0.0184476, -0.0559042, 153.599
726, -0.0189759 ,0.01843, -0.0558359, 152.701
727, -0.0189038 ,0.0184511, -0.0558059, 152.169
728, -0.0188328 ,0.0184821, -0.055797, 151.929
729, -0.0187795 ,0.0185052, -0.0557898, 151.849
730, -0.0187485 ,0.018513, -0.0557746, 151.788
731, -0.0187501 ,0.0185036, -0.0557573, 151.673
732, -0.0187742 ,0.0184926, -0.0557594, 151.549
733, -0.0187677 ,0.01852, -0.0558078, 151.58
734, -0.0187322 ,0.0185909, -0.055914, 151.961
735, -0.0186925 ,0.0186842, -0.056061, 152.775
736, -0.0186462 ,0.0187832, -0.0562127, 153.895
737, -0.0186028 ,0.0188654, -0.0563336, 155.052
738, -0.0185451 ,0.0189274, -0.0564, 155.978
739, -0.0185061 ,0.0189481, -0.0564023, 156.488
740, -0.0184989 ,0.0189228, -0.0563445, 156.509
741, -0.0184981 ,0.0188727, -0.0562435, 156.071
742, -0.0184717 ,0.0188253, -0.0561222, 155.301
743, -0.0184447 ,0.018778, -0.0560008, 154.372
744, -0.0184322 ,0.018729, -0.0558901, 153.437
745, -0.0184021 ,0.0186957, -0.0557934, 152.581
746, -0.0183591 ,0.0186768, -0.0557127, 151.832
747, -0.0183572 ,0.0186503, -0.0556577, 151.212
748, -0.0184167 ,0.0186148, -0.0556463, 150.796
749, -0.0185145 ,0.0185877, -0.0556898, 150.714
750, -0.0186199 ,0.0185796, -0.0557792, 151.046
751, -0.0186828 ,0.0186028, -0.0558885, 151.725
752, -0.0187026 ,0.0186442, -0.055991, 152.558
753, -0.0187032 ,0.0186836, -0.0560705, 153.343
754, -0.01869 ,0.0187192, -0.0561285, 153.96
755, -0.0186647 ,0.0187588, -0.0561823, 154.419
756, -0.0186118 ,0.0188191, -0.05625, 154.846
757, -0.0185782 ,0.0188776, -0.0563335, 155.371
758, -0.0185801 ,0.0189179, -0.056416, 156.008
759, -0.0186111 ,0.0189317, -0.0564744, 156.635
760, -0.0186786 ,0.0189073, -0.0564931, 157.078
761, -0.0187846 ,0.0188447, -0.0564741, 157.223
762, -0.0188843 ,0.0187765, -0.0564372, 157.085
763, -0.0189387 ,0.018737, -0.0564128, 156.815
764, -0.0189474 ,0.0187402, -0.0564277, 156.639
765, -0.0189097 ,0.0187931, -0.0564959, 156.76
766, -0.018836 ,0.0188909, -0.0566178, 157.287
767, -0.0187494 ,0.0190203, -0.0567901, 158.228
768, -0.0186933 ,0.0191559, -0.0570052, 159.559
769, -0.0186959 ,0.01927, -0.0572359, 161.212
770, -0.0187423 ,0.0193491, -0.0574404, 162.976
771, -0.0187998 ,0.0193988, -0.0575974, 164.549
772, -0.0188307 ,0.0194458, -0.0577224, 165.776
773, -0.0188299 ,0.0195046, -0.0578391, 166.759
774, -0.0188449 ,0.0195491, -0.0579431, 167.662
775, -0.01888 ,0.0195623, -0.0580047, 168.453
776, -0.0189003 ,0.0195486, -0.0579975, 168.918
777, -0.0188807 ,0.0195164, -0.0579134, 168.859
778, -0.0188312 ,0.0194663, -0.0577637, 168.215
779, -0.0187749 ,0.0194003, -0.0575756, 167.071
780, -0.0187324 ,0.0193246, -0.0573815, 165.632
781, -0.0187077 ,0.0192454, -0.0571985, 164.139
782, -0.018685 ,0.0191682, -0.0570215, 162.718
783, -0.0186348 ,0.0191043, -0.0568434, 161.343
784, -0.0185707 ,0.0190516, -0.0566738, 159.969
785, -0.0185228 ,0.0190086, -0.0565399, 158.669
786, -0.0185176 ,0.018978, -0.0564736, 157.648
787, -0.0185458 ,0.0189737, -0.0564931, 157.143
788, -0.0185632 ,0.0190155, -0.0565941, 157.292
789, -0.0185667 ,0.0190928, -0.0567524, 158.061
790, -0.0185642 ,0.0191842, -0.0569326, 159.268
791, -0.0185648 ,0.0192654, -0.0570956, 160.644
792, -0.0185747 ,0.0193166, -0.057208, 161.889
793, -0.0185877 ,0.0193305, -0.0572488, 162.748
794, -0.0185994 ,0.0193063, -0.0572119, 163.061
795, -0.018616 ,0.0192443, -0.0571046, 162.779
796, -0.018656 ,0.0191452, -0.0569464, 161.957
797, -0.0187252 ,0.0190204, -0.056766, 160.747
798, -0.0188011 ,0.0188973, -0.0565957, 159.367
799, -0.0188387 ,0.0188114, -0.0564614, 158.062
800, -0.018829 ,0.0187721, -0.0563733, 157.028
801, -0.0187917 ,0.0187659, -0.0563234, 156.342
802, -0.0187449 ,0.0187732, -0.0562914, 155.946
803, -0.0186922 ,0.0187813, -0.0562547, 155.687
804, -0.018653 ,0.018774, -0.0562009, 155.397
805, -0.0186382 ,0.0187488, -0.0561359, 154.984
806, -0.0186162 ,0.0187329, -0.0560819, 154.492
807, -0.0185456 ,0.018761, -0.0560675, 154.089
808, -0.0184515 ,0.0188314, -0.0561143, 153.988
809, -0.0183678 ,0.0189304, -0.0562286, 154.353
810, -0.018322 ,0.0190396, -0.0564013, 155.233
811, -0.0183118 ,0.0191495, -0.0566108, 156.559
812, -0.0183221 ,0.0192526, -0.0568272, 158.167
813, -0.018348 ,0.0193343, -0.0570166, 159.825
814, -0.0183914 ,0.0193782, -0.0571478, 161.276
815, -0.0184395 ,0.0193811, -0.0572017, 162.283
816, -0.0184829 ,0.0193472, -0.0571772, 162.7
817, -0.0185074 ,0.0192924, -0.0570922, 162.52
818, -0.0184932 ,0.0192422, -0.0569776, 161.878
819, -0.0184643 ,0.0192022, -0.0568687, 161.009
820, -0.0184419 ,0.0191755, -0.0567929, 160.18
821, -0.0184324 ,0.0191647, -0.0567619, 159.6
822, -0.0184289 ,0.0191694, -0.0567677, 159.355
823, -0.0184222 ,0.0191824, -0.056787, 159.388
824, -0.018409 ,0.01919, -0.056789, 159.521
825, -0.0183941 ,0.0191768, -0.0567476, 159.523
826, -0.0183769 ,0.0191384, -0.0566536, 159.196
827, -0.0183541 ,0.0190836, -0.0565214, 158.476
828, -0.0183266 ,0.0190278, -0.0563822, 157.468
829, -0.0183173 ,0.0189769, -0.056271, 156.408
830, -0.0183268 ,0.018944, -0.0562148, 155.561
831, -0.0183431 ,0.0189425, -0.0562281, 155.133
832, -0.0183508 ,0.0189812, -0.0563132, 155.237
833, -0.0183627 ,0.0190489, -0.0564606, 155.892
834, -0.0183931 ,0.0191279, -0.0566489, 157.022
835, -0.0184357 ,0.0192055, -0.0568468, 158.464
836, -0.018478 ,0.0192708, -0.0570196, 159.979
837, -0.0185107 ,0.0193131, -0.0571369, 161.301
838, -0.0185349 ,0.019322, -0.0571789, 162.199
839, -0.0185632 ,0.0192873, -0.0571379, 162.519
840, -0.0185928 ,0.0192147, -0.0570223, 162.204
841, -0.0186099 ,0.0191267, -0.0568633, 161.322
842, -0.0185956 ,0.019061, -0.0567177, 160.119
843, -0.0185708 ,0.0190335, -0.0566378, 159.02
844, -0.0185566 ,0.0190336, -0.0566238, 158.401
845, -0.0185591 ,0.0190361, -0.0566312, 158.269
846, -0.0185602 ,0.0190282, -0.0566165, 158.305
847, -0.0185401 ,0.0190068, -0.0565538, 158.18
848, -0.0185005 ,0.0189634, -0.0564274, 157.687
849, -0.0184638 ,0.0188843, -0.0562324, 156.705
850, -0.0184456 ,0.0187671, -0.0559798, 155.2
851, -0.0184361 ,0.0186307, -0.0556976, 153.258
852, -0.0183963 ,0.0185143, -0.0554249, 151.091
853, -0.0183269 ,0.0184389, -0.0552046, 149
854, -0.0182711 ,0.0184003, -0.0550718, 147.312
855, -0.018266 ,0.018387, -0.0550399, 146.289
856, -0.0183312 ,0.0183818, -0.0550949, 146.033
857, -0.0184109 ,0.018398, -0.0552069, 146.443
858, -0.0185118 ,0.0184185, -0.0553489, 147.296
859, -0.0186229 ,0.0184405, -0.0555038, 148.388
860, -0.018708 ,0.0184756, -0.0556592, 149.582
861, -0.0187524 ,0.0185261, -0.0558046, 150.781
862, -0.0187773 ,0.0185783, -0.055934, 151.904
863, -0.0187451 ,0.0186517, -0.0560486, 152.907
864, -0.0186504 ,0.0187518, -0.056154, 153.798
865, -0.0185517 ,0.0188505, -0.0562527, 154.617
866, -0.0184762 ,0.0189321, -0.0563404, 155.38
867, -0.0184335 ,0.0189883, -0.05641, 156.057
868, -0.0184245 ,0.019016, -0.0564565, 156.594
869, -0.0184419 ,0.0190195, -0.0564809, 156.954
870, -0.018467 ,0.0190119, -0.0564909, 157.148
871, -0.0185142 ,0.0189918, -0.0564978, 157.232
872, -0.0185762 ,0.0189694, -0.056515, 157.292
873, -0.0186382 ,0.0189586, -0.0565553, 157.432
874, -0.0186888 ,0.0189687, -0.0566262, 157.749
875, -0.0187388 ,0.0189922, -0.0567232, 158.296
876, -0.0187718 ,0.0190289, -0.0568296, 159.038
877, -0.0187762 ,0.0190738, -0.0569238, 159.851
878, -0.0187572 ,0.0191129, -0.056983, 160.57
879, -0.0187198 ,0.0191331, -0.056986, 161.017
880, -0.0186984 ,0.0191114, -0.0569211, 161.035
881, -0.0186962 ,0.0190486, -0.0567933, 160.536
882, -0.0187027 ,0.018961, -0.0566246, 159.558
883, -0.0187047 ,0.0188727, -0.0564501, 158.269
884, -0.0186717 ,0.0188194, -0.0563106, 156.939
885, -0.0186256 ,0.0188066, -0.0562389, 155.875
886, -0.018585 ,0.0188309, -0.0562469, 155.325
887, -0.0185424 ,0.0188917, -0.0563257, 155.381
888, -0.0185401 ,0.0189584, -0.056457, 155.981
889, -0.0185785 ,0.0190198, -0.0566181, 156.986
890, -0.018631 ,0.0190745, -0.0567799, 158.219
891, -0.0187091 ,0.019101, -0.056911, 159.456
892, -0.0187981 ,0.0190972, -0.0569925, 160.462
893, -0.0188856 ,0.0190687, -0.057023, 161.094
894, -0.0189472 ,0.019032, -0.0570112, 161.335
895, -0.0189758 ,0.0189943, -0.0569644, 161.248
896, -0.0189801 ,0.0189518, -0.0568836, 160.885
897, -0.0189589 ,0.0189045, -0.0567679, 160.257
898, -0.0189383 ,0.0188444, -0.0566271, 159.363
899, -0.0189696 ,0.0187599, -0.0564894, 158.286
900, -0.0189898 ,0.0187011, -0.056392, 157.238
901, -0.0190008 ,0.0186781, -0.056357, 156.494
902, -0.0190271 ,0.0186766, -0.0563803, 156.22
903, -0.0190577 ,0.0186903, -0.0564382, 156.388
904, -0.0190856 ,0.0187073, -0.0565003, 156.82
905, -0.0191175 ,0.018714, -0.0565455, 157.289
906, -0.0191322 ,0.0187215, -0.0565752, 157.64
907, -0.0191256 ,0.0187418, -0.0566091, 157.881
908, -0.0190934 ,0.0187847, -0.0566628, 158.153
909, -0.0190572 ,0.0188355, -0.0567281, 158.565
910, -0.0190234 ,0.0188774, -0.0567782, 159.057
911, -0.0189729 ,0.0189101, -0.056793, 159.435
912, -0.0188967 ,0.0189401, -0.0567769, 159.553
913, -0.018803 ,0.0189751, -0.0567533, 159.443
914, -0.0187155 ,0.0190138, -0.0567431, 159.272
915, -0.0186176 ,0.0190659, -0.0567494, 159.196
916, -0.0185537 ,0.0191015, -0.0567567, 159.236
917, -0.0185315 ,0.0191053, -0.056742, 159.281
918, -0.0185384 ,0.0190744, -0.0566873, 159.156
919, -0.0185731 ,0.019009, -0.056591, 158.729
920, -0.0186276 ,0.0189221, -0.0564717, 157.992
921, -0.0186921 ,0.0188316, -0.0563552, 157.081
922, -0.0187584 ,0.0187517, -0.0562618, 156.187
923, -0.0188287 ,0.0186916, -0.0562119, 155.472
924, -0.0188949 ,0.0186686, -0.0562321, 155.1
925, -0.0189218 ,0.0187088, -0.0563394, 155.266
926, -0.0189398 ,0.0187916, -0.0565229, 156.091
927, -0.0189413 ,0.0189043, -0.0567499, 157.496
928, -0.0189218 ,0.0190301, -0.056982, 159.236
929, -0.0188897 ,0.0191468, -0.0571833, 161.016
930, -0.0188707 ,0.0192271, -0.0573248, 162.561
931, -0.0188653 ,0.0192631, -0.0573916, 163.65
932, -0.0188632 ,0.0192604, -0.0573839, 164.168
933, -0.0188466 ,0.0192332, -0.057313, 164.114
934, -0.0188175 ,0.0191904, -0.0571984, 163.574
935, -0.0187732 ,0.0191469, -0.057067, 162.7
936, -0.0187008 ,0.0191248, -0.0569504, 161.698
937, -0.0186058 ,0.0191347, -0.0568751, 160.809
938, -0.0185402 ,0.0191557, -0.0568517, 160.231
939, -0.0185289 ,0.0191714, -0.0568717, 160.045
940, -0.0185598 ,0.0191786, -0.0569169, 160.19
941, -0.0186004 ,0.0191842, -0.0569689, 160.532
942, -0.018631 ,0.0191896, -0.0570102, 160.926
943, -0.0186494 ,0.0191867, -0.0570229, 161.237
944, -0.0186727 ,0.0191597, -0.056992, 161.326
945, -0.0186996 ,0.0191078, -0.0569153, 161.085
946, -0.0187351 ,0.0190366, -0.0568082, 160.498
947, -0.0187808 ,0.0189561, -0.056693, 159.68
948, -0.0188257 ,0.0188781, -0.056582, 158.793
949, -0.0188484 ,0.018813, -0.0564744, 157.933
950, -0.018874 ,0.0187457, -0.0563655, 157.097
951, -0.0189027 ,0.018675, -0.0562527, 156.253
952, -0.0189087 ,0.0186171, -0.0561429, 155.384
953, -0.0188804 ,0.0185875, -0.0560554, 154.544
954, -0.0188279 ,0.018592, -0.0560119, 153.879
955, -0.018771 ,0.0186241, -0.0560191, 153.546
956, -0.0187192 ,0.0186726, -0.0560643, 153.595
957, -0.0186828 ,0.0187226, -0.056128, 153.935
958, -0.0186765 ,0.0187606, -0.0561977, 154.421
959, -0.0186751 ,0.0187976, -0.0562702, 154.961
960, -0.0186529 ,0.0188444, -0.0563416, 155.521
961, -0.0186069 ,0.0188982, -0.0564034, 156.069
962, -0.0185729 ,0.0189384, -0.0564498, 156.544
963, -0.0185446 ,0.0189705, -0.0564855, 156.906
964, -0.0185067 ,0.0190089, -0.0565245, 157.189
965, -0.0184853 ,0.0190488, -0.0565829, 157.499
966, -0.0184673 ,0.0191028, -0.056673, 157.958
967, -0.0184536 ,0.0191716, -0.0567969, 158.656
968, -0.0184781 ,0.0192322, -0.0569424, 159.609
969, -0.0185349 ,0.0192753, -0.0570855, 160.723
970, -0.0186105 ,0.0192947, -0.0572, 161.817
971, -0.0186876 ,0.0192901, -0.0572678, 162.695
972, -0.0187449 ,0.0192677, -0.0572802, 163.216
973, -0.0187806 ,0.0192273, -0.0572352, 163.311
974, -0.0187964 ,0.0191707, -0.0571379, 162.965
975, -0.0187986 ,0.0191022, -0.0570031, 162.218
976, -0.0187844 ,0.0190359, -0.0568562, 161.187
977, -0.0187763 ,0.0189761, -0.0567285, 160.064
978, -0.0187467 ,0.0189509, -0.0566485, 159.089
979, -0.0187142 ,0.018957, -0.0566281, 158.476
980, -0.018659 ,0.0189969, -0.0566528, 158.309
981, -0.0185992 ,0.0190493, -0.0566977, 158.487
982, -0.018581 ,0.0190855, -0.0567521, 158.83
983, -0.0186008 ,0.0191094, -0.0568197, 159.256
984, -0.0186248 ,0.0191386, -0.056902, 159.782
985, -0.018628 ,0.0191823, -0.0569925, 160.416
986, -0.0185965 ,0.0192441, -0.0570847, 161.115
987, -0.0185467 ,0.0193144, -0.0571756, 161.829
988, -0.0184909 ,0.0193851, -0.057261, 162.533
989, -0.0184611 ,0.0194344, -0.0573298, 163.19
990, -0.018463 ,0.0194517, -0.0573663, 163.715
991, -0.0184843 ,0.0194373, -0.057359, 163.992
992, -0.0185134 ,0.0193967, -0.0573068, 163.936
993, -0.0185273 ,0.0193448, -0.057217, 163.535
994, -0.0185302 ,0.0192849, -0.0571, 162.845
995, -0.018538 ,0.019214, -0.0569661, 161.942
996, -0.0185238 ,0.0191529, -0.0568295, 160.91
997, -0.018512 ,0.0191018, -0.0567155, 159.863
998, -0.0185254 ,0.0190674, -0.0566601, 158.998
999, -0.018521 ,0.0190863, -0.0566935, 158.584
1000, -0.0184903 ,0.0191629, -0.0568161, 158.842
1001, -0.0184734 ,0.0192586, -0.0569907, 159.772
1002, -0.0184714 ,0.0193452, -0.0571618, 161.095
1003, -0.0184697 ,0.0194066, -0.057283, 162.397
1004, -0.0184737 ,0.0194284, -0.0573304, 163.324
1005, -0.0184848 ,0.0194091, -0.057303, 163.692
1006, -0.0184884 ,0.0193636, -0.0572155, 163.487
1007, -0.0184589 ,0.0193166, -0.0570922, 162.823
1008, -0.0184021 ,0.0192788, -0.0569597, 161.882
1009, -0.0183252 ,0.0192574, -0.0568401, 160.868
1010, -0.0182626 ,0.019241, -0.0567446, 159.947
1011, -0.0182353 ,0.0192192, -0.0566737, 159.207
1012, -0.018245 ,0.0191888, -0.0566227, 158.655
1013, -0.0182847 ,0.0191515, -0.0565876, 158.259
1014, -0.0183235 ,0.0191206, -0.0565647, 157.986
1015, -0.0183559 ,0.0190942, -0.0565444, 157.804
1016, -0.0183742 ,0.0190674, -0.056509, 157.638
1017, -0.0183992 ,0.0190197, -0.0564385, 157.355
1018, -0.0184282 ,0.0189463, -0.0563208, 156.803
1019, -0.0184488 ,0.0188548, -0.0561583, 155.893
1020, -0.0184759 ,0.018746, -0.0559679, 154.643
1021, -0.0184824 ,0.0186476, -0.0557776, 153.182
1022, -0.0184972 ,0.0185612, -0.0556196, 151.725
1023, -0.0185097 ,0.0185056, -0.0555209, 150.515
1024, -0.0185135 ,0.0184915, -0.0554965, 149.757
1025, -0.0185282 ,0.0185089, -0.055546, 149.567
1026, -0.0185541 ,0.0185523, -0.0556587, 149.942
1027, -0.0185825 ,0.0186216, -0.0558257, 150.809
1028, -0.0186117 ,0.0187167, -0.0560452, 152.101
1029, -0.0185946 ,0.0188531, -0.0563009, 153.793
1030, -0.0185925 ,0.0189761, -0.0565446, 155.748
1031, -0.0186261 ,0.0190504, -0.0567269, 157.609
1032, -0.0186755 ,0.0190785, -0.0568325, 159.015
1033, -0.0187157 ,0.0190825, -0.0568806, 159.845
1034, -0.0187388 ,0.0190826, -0.0569039, 160.236
1035, -0.0187681 ,0.0190799, -0.0569279, 160.43
1036, -0.0187855 ,0.019088, -0.0569616, 160.621
1037, -0.0187711 ,0.0191138, -0.0569987, 160.878
1038, -0.0187518 ,0.0191375, -0.0570268, 161.158
1039, -0.0187214 ,0.0191567, -0.0570349, 161.37
1040, -0.0186594 ,0.0191784, -0.0570162, 161.43
1041, -0.0185926 ,0.0191871, -0.0569667, 161.282
1042, -0.0185259 ,0.01918, -0.0568859, 160.897
1043, -0.018489 ,0.0191455, -0.05678, 160.274
1044, -0.0184945 ,0.0190851, -0.0566646, 159.461
1045, -0.0185228 ,0.0190205, -0.0565637, 158.579
1046, -0.018563 ,0.0189707, -0.0565044, 157.811
1047, -0.0186072 ,0.0189497, -0.0565067, 157.363
1048, -0.0186357 ,0.0189687, -0.0565731, 157.383
1049, -0.0186454 ,0.0190209, -0.0566873, 157.889
1050, -0.0186632 ,0.0190786, -0.0568204, 158.76
1051, -0.018705 ,0.019118, -0.056941, 159.775
1052, -0.0187575 ,0.0191331, -0.0570237, 160.697
1053, -0.0188 ,0.0191264, -0.0570529, 161.33
1054, -0.0188228 ,0.0191002, -0.0570231, 161.554
1055, -0.0188371 ,0.0190508, -0.0569387, 161.325
1056, -0.0188344 ,0.0189892, -0.0568128, 160.678
1057, -0.0187935 ,0.0189342, -0.056662, 159.71
1058, -0.0187147 ,0.0188923, -0.0564994, 158.548
1059, -0.0186206 ,0.0188555, -0.0563317, 157.289
1060, -0.0185338 ,0.0188166, -0.0561671, 155.992
1061, -0.0184776 ,0.0187735, -0.0560246, 154.725
1062, -0.0184663 ,0.0187304, -0.0559271, 153.634
1063, -0.0184624 ,0.0187066, -0.0558755, 152.88
1064, -0.0184612 ,0.0186916, -0.0558445, 152.467
1065, -0.018444 ,0.0186843, -0.0558126, 152.217
1066, -0.0184132 ,0.0186858, -0.0557848, 151.975
1067, -0.0183936 ,0.0186957, -0.0557851, 151.775
1068, -0.0183966 ,0.0187221, -0.0558408, 151.793
1069, -0.0184497 ,0.0187601, -0.0559698, 152.235
1070, -0.0185494 ,0.0188119, -0.0561732, 153.236
1071, -0.0186458 ,0.0188931, -0.056432, 154.802
1072, -0.0186944 ,0.0190082, -0.0567108, 156.788
1073, -0.0187007 ,0.0191329, -0.0569666, 158.925
1074, -0.0186882 ,0.0192366, -0.0571615, 160.885
1075, -0.0186742 ,0.0192999, -0.0572739, 162.383
1076, -0.0186693 ,0.0193173, -0.0573038, 163.253
1077, -0.0186657 ,0.0193023, -0.0572703, 163.494
1078, -0.0186632 ,0.0192695, -0.0572023, 163.249
1079, -0.0186528 ,0.0192374, -0.0571277, 162.736
1080, -0.0186523 ,0.0192077, -0.0570678, 162.168
1081, -0.0186868 ,0.0191748, -0.0570364, 161.712
1082, -0.0187341 ,0.0191527, -0.0570395, 161.472
1083, -0.0187607 ,0.0191569, -0.0570745, 161.496
1084, -0.0187446 ,0.0191939, -0.0571324, 161.763
1085, -0.018729 ,0.0192373, -0.0572035, 162.207
1086, -0.0187242 ,0.0192791, -0.0572824, 162.756
1087, -0.0187214 ,0.0193225, -0.0573664, 163.367
1088, -0.0187273 ,0.0193589, -0.0574452, 164.013
1089, -0.018734 ,0.0193825, -0.057499, 164.614
1090, -0.0187234 ,0.0193933, -0.05751, 165.022
1091, -0.0187045 ,0.0193839, -0.0574723, 165.105
1092, -0.0186834 ,0.0193538, -0.057391, 164.815
1093, -0.0186394 ,0.0193182, -0.0572759, 164.19
1094, -0.0185894 ,0.0192747, -0.0571387, 163.303
1095, -0.0185484 ,0.0192235, -0.0569954, 162.247
1096, -0.0185235 ,0.0191711, -0.0568656, 161.146
1097, -0.0185198 ,0.0191225, -0.0567648, 160.148
1098, -0.0185399 ,0.0190776, -0.0566951, 159.366
1099, -0.0185837 ,0.0190324, -0.0566484, 158.82
1100, -0.0186504 ,0.0189839, -0.0566182, 158.454
1101, -0.0187286 ,0.0189398, -0.0566083, 158.222
1102, -0.018779 ,0.0189245, -0.0566279, 158.151
1103, -0.0188046 ,0.0189371, -0.0566788, 158.305
1104, -0.0188277 ,0.01896, -0.0567477, 158.693
1105, -0.0188519 ,0.0189807, -0.0568133, 159.216
1106, -0.0188651 ,0.0189964, -0.056858, 159.716
1107, -0.0188604 ,0.019006, -0.0568723, 160.059
1108, -0.0188175 ,0.0190171, -0.0568517, 160.168
1109, -0.0187707 ,0.0190119, -0.0567945, 160.008
1110, -0.018719 ,0.0189944, -0.0567078, 159.568
1111, -0.0186489 ,0.0189806, -0.0566101, 158.907
1112, -0.0185786 ,0.0189719, -0.0565223, 158.16
1113, -0.0185213 ,0.0189676, -0.0564564, 157.486
1114, -0.0184787 ,0.0189663, -0.0564113, 156.973
1115, -0.018462 ,0.018958, -0.0563779, 156.617
1116, -0.0184717 ,0.0189379, -0.0563475, 156.351
1117, -0.0184956 ,0.0189121, -0.0563197, 156.114
1118, -0.0185354 ,0.0188846, -0.0563047, 155.903
1119, -0.0185756 ,0.0188721, -0.0563198, 155.794
1120, -0.0186124 ,0.0188864, -0.0563852, 155.922
1121, -0.0186374 ,0.0189381, -0.0565135, 156.435
1122, -0.0186695 ,0.019013, -0.0566954, 157.425
1123, -0.0186955 ,0.0190995, -0.0568945, 158.816
1124, -0.0187042 ,0.0191789, -0.057062, 160.334
1125, -0.0187085 ,0.0192252, -0.0571588, 161.613
1126, -0.0187003 ,0.019234, -0.0571684, 162.357
1127, -0.0186681 ,0.0192128, -0.0570937, 162.435
1128, -0.0186091 ,0.0191695, -0.0569481, 161.864
1129, -0.0185438 ,0.0191022, -0.0567483, 160.745
1130, -0.0184944 ,0.019009, -0.0565125, 159.206
1131, -0.0184482 ,0.0189067, -0.0562615, 157.389
1132, -0.0184063 ,0.018807, -0.0560203, 155.457
1133, -0.0183909 ,0.0187143, -0.0558195, 153.602
1134, -0.0183753 ,0.0186604, -0.0556962, 152.065
1135, -0.0183408 ,0.0186722, -0.0556852, 151.128
1136, -0.0182845 ,0.0187569, -0.0557983, 151.05
1137, -0.0182623 ,0.0188729, -0.056008, 151.912
1138, -0.0182734 ,0.0189915, -0.0562564, 153.507
1139, -0.0183128 ,0.0190858, -0.0564843, 155.401
1140, -0.0183505 ,0.0191521, -0.0566548, 157.149
1141, -0.0183822 ,0.0191878, -0.0567578, 158.468
1142, -0.0184038 ,0.019198, -0.0567998, 159.271
1143, -0.0184235 ,0.0191853, -0.0567942, 159.605
1144, -0.01844 ,0.0191588, -0.0567576, 159.57
1145, -0.0184638 ,0.0191235, -0.0567109, 159.297
1146, -0.0184729 ,0.019101, -0.056675, 158.947
1147, -0.0184706 ,0.0190951, -0.0566607, 158.674
1148, -0.0184672 ,0.0190984, -0.0566641, 158.561
1149, -0.0184743 ,0.0190992, -0.0566727, 158.58
1150, -0.0184782 ,0.0190994, -0.0566769, 158.641
1151, -0.0184795 ,0.0190983, -0.0566762, 158.674
1152, -0.0184884 ,0.019093, -0.0566744, 158.67
1153, -0.0185 ,0.0190838, -0.0566677, 158.654
1154, -0.0185108 ,0.0190652, -0.0566411, 158.592
1155, -0.0185418 ,0.019023, -0.0565878, 158.38
1156, -0.0185979 ,0.0189655, -0.0565288, 157.977
1157, -0.0186629 ,0.018918, -0.0564989, 157.54
1158, -0.0187238 ,0.0188932, -0.0565102, 157.315
1159, -0.0187658 ,0.0188904, -0.0565466, 157.394
1160, -0.0187876 ,0.0188998, -0.0565872, 157.666
1161, -0.0188042 ,0.0189092, -0.0566225, 157.977
1162, -0.0187955 ,0.01893, -0.0566555, 158.254
1163, -0.018745 ,0.0189736, -0.0566922, 158.513
1164, -0.0186698 ,0.0190321, -0.0567341, 158.799
1165, -0.0186109 ,0.0190847, -0.0567803, 159.123
1166, -0.0185579 ,0.0191365, -0.0568308, 159.481
1167, -0.0184923 ,0.0191961, -0.0568846, 159.871
1168, -0.0184435 ,0.0192475, -0.0569386, 160.286
1169, -0.0184267 ,0.019282, -0.0569906, 160.702
1170, -0.0184481 ,0.019297, -0.0570422, 161.105
1171, -0.0184979 ,0.0192986, -0.0570951, 161.505
1172, -0.0185459 ,0.0192996, -0.0571451, 161.912
1173, -0.018578 ,0.0192998, -0.0571776, 162.292
1174, -0.018588 ,0.0192913, -0.0571707, 162.532
1175, -0.0185722 ,0.0192661, -0.0571044, 162.467
1176, -0.0185335 ,0.0192189, -0.0569714, 161.949
1177, -0.0184997 ,0.0191411, -0.0567818, 160.923
1178, -0.0184787 ,0.0190404, -0.0565595, 159.467
1179, -0.01844 ,0.0189449, -0.0563298, 157.758
1180, -0.018435 ,0.018837, -0.0561091, 155.986
1181, -0.0184782 ,0.0187148, -0.0559078, 154.281
1182, -0.0185515 ,0.0185943, -0.0557401, 152.728
1183, -0.0186126 ,0.0185071, -0.0556269, 151.441
1184, -0.0186241 ,0.0184808, -0.0555856, 150.573
1185, -0.0185991 ,0.0185098, -0.0556187, 150.254
1186, -0.0185753 ,0.0185677, -0.0557108, 150.502
1187, -0.0185742 ,0.0186326, -0.0558394, 151.203
1188, -0.0185887 ,0.0187009, -0.0559905, 152.192
1189, -0.0185995 ,0.0187817, -0.056163, 153.362
1190, -0.0185967 ,0.0188801, -0.0563568, 154.7
1191, -0.0185846 ,0.018987, -0.0565586, 156.195
1192, -0.018577 ,0.0190807, -0.0567385, 157.743
1193, -0.0185684 ,0.0191463, -0.0568611, 159.118
1194, -0.0185546 ,0.0191745, -0.0569035, 160.055
1195, -0.018514 ,0.0191781, -0.0568702, 160.386
1196, -0.0184432 ,0.0191745, -0.0567922, 160.145
1197, -0.0183829 ,0.0191621, -0.056707, 159.561
1198, -0.0183546 ,0.0191418, -0.0566382, 158.914
1199, -0.0183612 ,0.0191161, -0.0565934, 158.385
1200, -0.0183777 ,0.0190967, -0.0565711, 158.038
1201, -0.0183998 ,0.0190819, -0.0565636, 157.862
1202, -0.0184456 ,0.0190559, -0.0565575, 157.797
1203, -0.0184938 ,0.0190214, -0.0565366, 157.741
1204, -0.0185301 ,0.0189794, -0.0564888, 157.572
1205, -0.0185451 ,0.0189349, -0.0564148, 157.201
1206, -0.0185194 ,0.0189058, -0.0563311, 156.637
1207, -0.018471 ,0.018894, -0.0562591, 155.999
1208, -0.018436 ,0.0188868, -0.0562097, 155.447
1209, -0.018395 ,0.0188913, -0.0561776, 155.061
1210, -0.0183797 ,0.0188854, -0.0561505, 154.806
1211, -0.018394 ,0.0188634, -0.0561207, 154.592
1212, -0.0184202 ,0.0188349, -0.05609, 154.362
1213, -0.0184563 ,0.0188053, -0.0560669, 154.129
1214, -0.0185059 ,0.0187781, -0.0560621, 153.957
1215, -0.0185214 ,0.0187797, -0.0560807, 153.923
1216, -0.0185108 ,0.0188041, -0.0561189, 154.066
1217, -0.0184984 ,0.018833, -0.0561644, 154.356
1218, -0.0184619 ,0.0188697, -0.0562014, 154.701
1219, -0.0183948 ,0.0189097, -0.0562143, 154.979
1220, -0.0183254 ,0.0189329, -0.0561913, 155.072
1221, -0.0182644 ,0.0189331, -0.0561306, 154.891
1222, -0.0182181 ,0.0189157, -0.0560496, 154.43
1223, -0.0182024 ,0.0188894, -0.0559813, 153.819
1224, -0.0182073 ,0.0188743, -0.0559559, 153.305
1225, -0.0182157 ,0.0188834, -0.0559824, 153.111
1226, -0.0182295 ,0.0189115, -0.0560524, 153.31
1227, -0.0182752 ,0.0189381, -0.0561515, 153.843
1228, -0.0183416 ,0.0189583, -0.0562583, 154.6
1229, -0.0184294 ,0.0189571, -0.0563435, 155.412
1230, -0.0185367 ,0.0189255, -0.0563876, 156.062
1231, -0.0186405 ,0.0188765, -0.0563936, 156.407
1232, -0.0187122 ,0.0188349, -0.0563819, 156.465
1233, -0.0187324 ,0.0188226, -0.0563777, 156.388
1234, -0.0186927 ,0.0188542, -0.0564012, 156.366
1235, -0.0186488 ,0.0189075, -0.0564638, 156.554
1236, -0.0185923 ,0.0189871, -0.0565666, 157.039
1237, -0.0185175 ,0.0190921, -0.0567016, 157.831
1238, -0.0184469 ,0.0192039, -0.0568546, 158.868
1239, -0.0183912 ,0.0193092, -0.0570096, 160.043
1240, -0.0183708 ,0.0193934, -0.0571576, 161.237
1241, -0.0183999 ,0.0194501, -0.0573001, 162.383
1242, -0.0184633 ,0.0194874, -0.0574381, 163.487
1243, -0.0185269 ,0.019514, -0.057555, 164.548
1244, -0.0185836 ,0.0195176, -0.0576188, 165.437
1245, -0.0186053 ,0.0194996, -0.0576046, 165.919
1246, -0.0186135 ,0.0194476, -0.0575087, 165.809
1247, -0.0186131 ,0.0193675, -0.0573481, 165.076
1248, -0.0186106 ,0.019272, -0.0571546, 163.85
1249, -0.0186272 ,0.0191704, -0.056968, 162.373
1250, -0.0186487 ,0.0190886, -0.056826, 160.948
1251, -0.0186595 ,0.0190475, -0.0567546, 159.862
1252, -0.0186698 ,0.0190455, -0.0567608, 159.314
1253, -0.0186943 ,0.0190684, -0.0568311, 159.356
1254, -0.0187169 ,0.0191106, -0.0569381, 159.887
1255, -0.0187288 ,0.0191604, -0.0570496, 160.698
1256, -0.0187267 ,0.0192061, -0.0571389, 161.547
1257, -0.0187334 ,0.0192297, -0.0571928, 162.231
1258, -0.0187529 ,0.0192297, -0.0572123, 162.648
1259, -0.0187526 ,0.0192247, -0.0572019, 162.801
1260, -0.0187168 ,0.0192197, -0.0571562, 162.717
1261, -0.0187032 ,0.0191812, -0.0570656, 162.357
1262, -0.0187169 ,0.019107, -0.0569308, 161.656
1263, -0.0187333 ,0.0190153, -0.0567639, 160.619
1264, -0.0187396 ,0.0189205, -0.0565806, 159.335
1265, -0.018714 ,0.0188431, -0.0564003, 157.924
1266, -0.0186982 ,0.0187782, -0.0562545, 156.543
1267, -0.018704 ,0.0187412, -0.0561864, 155.437
1268, -0.0186907 ,0.0187702, -0.056231, 154.928
1269, -0.0186722 ,0.0188603, -0.0563929, 155.276
1270, -0.0186865 ,0.0189785, -0.0566436, 156.515
1271, -0.0187225 ,0.0191088, -0.0569401, 158.434
1272, -0.0187467 ,0.0192478, -0.0572423, 160.711
1273, -0.0187539 ,0.0193826, -0.0575191, 163.036
1274, -0.018747 ,0.0194992, -0.0577454, 165.168
1275, -0.0187341 ,0.019582, -0.057898, 166.909
1276, -0.0187196 ,0.0196202, -0.05796, 168.082
1277, -0.0187016 ,0.0196132, -0.057928, 168.56
1278, -0.0186812 ,0.0195671, -0.0578155, 168.319
1279, -0.0186641 ,0.0194918, -0.0576477, 167.46
1280, -0.0186561 ,0.0193989, -0.057454, 166.175
1281, -0.0186693 ,0.0192949, -0.057259, 164.688
1282, -0.0187051 ,0.0191854, -0.057076, 163.184
1283, -0.0187637 ,0.0190716, -0.0569069, 161.766
1284, -0.0188349 ,0.0189568, -0.0567484, 160.454
1285, -0.0188931 ,0.0188546, -0.0566022, 159.226
1286, -0.0189194 ,0.0187815, -0.0564823, 158.1
1287, -0.0189326 ,0.0187362, -0.056405, 157.18
1288, -0.0189462 ,0.0187131, -0.0563723, 156.582
1289, -0.0189618 ,0.0187091, -0.05638, 156.326
1290, -0.0189727 ,0.0187295, -0.0564317, 156.389
1291, -0.0189688 ,0.0187811, -0.056531, 156.793
1292, -0.0189378 ,0.0188646, -0.0566669, 157.557
1293, -0.0188997 ,0.0189572, -0.0568142, 158.596
1294, -0.0188796 ,0.0190337, -0.0569469, 159.723
1295, -0.0188767 ,0.0190878, -0.0570523, 160.744
1296, -0.0188769 ,0.0191282, -0.0571332, 161.562
1297, -0.0188922 ,0.0191521, -0.0571964, 162.192
1298, -0.0189199 ,0.0191588, -0.0572375, 162.679
1299, -0.0189545 ,0.0191429, -0.0572403, 162.987
1300, -0.0189864 ,0.0191029, -0.0571922, 163.001
1301, -0.0189916 ,0.0190532, -0.0570979, 162.632
1302, -0.0189508 ,0.0190124, -0.0569755, 161.911
1303, -0.0188687 ,0.0189872, -0.0568431, 160.974
1304, -0.0187812 ,0.018963, -0.0567073, 159.952
1305, -0.0187221 ,0.0189228, -0.0565677, 158.899
1306, -0.0186871 ,0.0188713, -0.0564296, 157.821
1307, -0.0186602 ,0.0188248, -0.0563098, 156.76
1308, -0.0186406 ,0.0187923, -0.0562251, 155.842
1309, -0.0186273 ,0.0187743, -0.0561759, 155.186
1310, -0.0186324 ,0.0187571, -0.0561465, 154.796
1311, -0.0186501 ,0.0187374, -0.0561249, 154.561
1312, -0.0186624 ,0.0187257, -0.0561138, 154.394
1313, -0.0186627 ,0.0187308, -0.0561242, 154.313
1314, -0.0186322 ,0.0187663, -0.0561647, 154.397
1315, -0.0186256 ,0.0188083, -0.0562423, 154.715
1316, -0.0186722 ,0.0188432, -0.0563587, 155.318
1317, -0.0187541 ,0.0188758, -0.0565056, 156.218
1318, -0.0188107 ,0.0189301, -0.0566709, 157.353
1319, -0.0188148 ,0.0190133, -0.0568414, 158.629
1320, -0.0188251 ,0.0190886, -0.0570022, 159.945
1321, -0.0188354 ,0.0191505, -0.0571363, 161.184
1322, -0.0188249 ,0.0192005, -0.057226, 162.215
1323, -0.0188019 ,0.019227, -0.0572559, 162.903
1324, -0.0187764 ,0.0192214, -0.0572192, 163.131
1325, -0.0187381 ,0.0191921, -0.0571223, 162.851
1326, -0.0186789 ,0.0191523, -0.0569836, 162.11
1327, -0.0186087 ,0.0191088, -0.0568263, 161.047
1328, -0.0185377 ,0.0190668, -0.0566713, 159.84
1329, -0.0184915 ,0.0190204, -0.0565322, 158.646
1330, -0.0184752 ,0.0189701, -0.0564155, 157.571
1331, -0.0184669 ,0.0189284, -0.0563237, 156.666
1332, -0.0184485 ,0.0189057, -0.0562599, 155.956
1333, -0.0184299 ,0.0188991, -0.0562281, 155.463
1334, -0.0184262 ,0.0189024, -0.0562311, 155.216
1335, -0.018445 ,0.0189127, -0.0562705, 155.238
1336, -0.0184753 ,0.0189375, -0.0563504, 155.544
1337, -0.0184939 ,0.0189912, -0.0564762, 156.164
1338, -0.0185088 ,0.0190706, -0.0566499, 157.138
1339, -0.018552 ,0.0191564, -0.0568647, 158.479
1340, -0.0186048 ,0.0192497, -0.0571041, 160.134
1341, -0.0186431 ,0.0193495, -0.0573421, 161.975
1342, -0.0186682 ,0.019439, -0.0575462, 163.801
1343, -0.0187016 ,0.0194929, -0.0576874, 165.367
1344, -0.0186902 ,0.0195304, -0.057751, 166.452
1345, -0.0186795 ,0.0195312, -0.0577418, 166.948
1346, -0.0186779 ,0.0195011, -0.0576801, 166.887
1347, -0.0186857 ,0.0194532, -0.057592, 166.424
1348, -0.0187095 ,0.0193947, -0.0574988, 165.753
1349, -0.0187325 ,0.0193404, -0.0574132, 165.037
1350, -0.0186896 ,0.0193247, -0.0573391, 164.377
1351, -0.0186368 ,0.0193168, -0.0572704, 163.8
1352, -0.0185983 ,0.0192979, -0.057194, 163.262
1353, -0.0185658 ,0.019267, -0.0570998, 162.664
1354, -0.0185469 ,0.0192219, -0.0569906, 161.936
1355, -0.0185534 ,0.0191638, -0.0568811, 161.099
1356, -0.0185849 ,0.0191008, -0.0567864, 160.259
1357, -0.0186005 ,0.0190571, -0.0567146, 159.531
1358, -0.0185888 ,0.0190398, -0.0566684, 158.977
1359, -0.0185875 ,0.0190304, -0.0566484, 158.62
1360, -0.0185904 ,0.01903, -0.0566505, 158.464
1361, -0.0185962 ,0.0190339, -0.056664, 158.475
1362, -0.0186034 ,0.0190362, -0.0566757, 158.573
1363, -0.0186234 ,0.0190261, -0.0566756, 158.658
1364, -0.0186464 ,0.0190084, -0.0566633, 158.657
1365, -0.0186681 ,0.0189895, -0.0566472, 158.567
1366, -0.0186911 ,0.0189739, -0.0566388, 158.448
1367, -0.0187049 ,0.0189694, -0.0566436, 158.386
1368, -0.0186827 ,0.0189872, -0.056657, 158.42
1369, -0.0186509 ,0.0190082, -0.0566673, 158.517
1370, -0.0186184 ,0.0190225, -0.0566634, 158.589
1371, -0.0185911 ,0.0190252, -0.0566415, 158.557
1372, -0.0185632 ,0.0190207, -0.0566046, 158.389
1373, -0.0185321 ,0.0190121, -0.0565562, 158.104
1374, -0.0185138 ,0.0189922, -0.0564981, 157.729
1375, -0.018516 ,0.0189598, -0.0564357, 157.281
1376, -0.0185287 ,0.0189287, -0.0563862, 156.806
1377, -0.018535 ,0.0189199, -0.0563749, 156.436
1378, -0.0185582 ,0.01893, -0.0564181, 156.358
1379, -0.0186217 ,0.0189436, -0.0565089, 156.689
1380, -0.018694 ,0.0189634, -0.0566207, 157.379
1381, -0.0187684 ,0.0189767, -0.0567219, 158.229
1382, -0.0188472 ,0.0189707, -0.0567887, 159.001
1383, -0.0188987 ,0.018956, -0.0568106, 159.513
1384, -0.0189142 ,0.0189383, -0.0567908, 159.684
1385, -0.0189253 ,0.0189083, -0.0567418, 159.537
1386, -0.0189482 ,0.0188653, -0.0566788, 159.164
1387, -0.0189723 ,0.0188227, -0.0566176, 158.683
1388, -0.0189844 ,0.0187966, -0.0565777, 158.217
1389, -0.0189816 ,0.0188008, -0.0565832, 157.92
1390, -0.0189593 ,0.0188476, -0.0566546, 157.974
1391, -0.0189328 ,0.0189305, -0.0567939, 158.528
1392, -0.0189259 ,0.0190274, -0.0569807, 159.596
1393, -0.018924 ,0.0191299, -0.0571837, 161.027
1394, -0.0188793 ,0.0192479, -0.0573751, 162.586
1395, -0.0188118 ,0.0193613, -0.0575344, 164.059
1396, -0.0187483 ,0.019449, -0.0576463, 165.286
1397, -0.0187073 ,0.0194962, -0.0576998, 166.148
1398, -0.0186852 ,0.019503, -0.0576911, 166.561
1399, -0.0186575 ,0.0194841, -0.0576258, 166.498
1400, -0.018608 ,0.0194553, -0.0575186, 166
1401, -0.0185439 ,0.019423, -0.05739, 165.18
1402, -0.0184881 ,0.0193858, -0.0572597, 164.194
1403, -0.0184648 ,0.0193371, -0.0571391, 163.19
1404, -0.0184847 ,0.0192721, -0.057029, 162.255
1405, -0.0185524 ,0.0191871, -0.0569267, 161.399
1406, -0.0186449 ,0.0190948, -0.0568346, 160.608
1407, -0.0187301 ,0.0190161, -0.0567624, 159.899
1408, -0.0187878 ,0.0189669, -0.0567215, 159.346
1409, -0.0188305 ,0.018943, -0.0567165, 159.032
1410, -0.0188547 ,0.0189413, -0.0567373, 158.987
1411, -0.0188559 ,0.0189519, -0.0567597, 159.134
1412, -0.0188511 ,0.0189529, -0.0567569, 159.292
1413, -0.0188524 ,0.0189337, -0.0567197, 159.263
1414, -0.0188693 ,0.0188981, -0.0566655, 158.983
1415, -0.0188881 ,0.0188692, -0.0566265, 158.581
1416, -0.0188783 ,0.0188734, -0.0566251, 158.29
1417, -0.0188491 ,0.018907, -0.056663, 158.279
1418, -0.0187959 ,0.0189677, -0.0567313, 158.568
1419, -0.0187447 ,0.0190391, -0.0568229, 159.094
1420, -0.0187178 ,0.0191075, -0.0569327, 159.802
1421, -0.0187226 ,0.019162, -0.0570466, 160.645
1422, -0.0187771 ,0.01918, -0.057137, 161.514
1423, -0.0188549 ,0.0191602, -0.0571752, 162.199
1424, -0.0189222 ,0.0191138, -0.0571499, 162.489
1425, -0.018979 ,0.0190467, -0.0570725, 162.301
1426, -0.0189802 ,0.0189925, -0.0569653, 161.715
1427, -0.0189574 ,0.0189436, -0.0568447, 160.894
1428, -0.0189431 ,0.0188868, -0.0567166, 159.963
1429, -0.0189339 ,0.0188276, -0.0565891, 158.976
1430, -0.0189108 ,0.018785, -0.0564809, 157.999
1431, -0.0188706 ,0.0187723, -0.0564151, 157.174
1432, -0.0188462 ,0.0187799, -0.0564059, 156.673
1433, -0.0188222 ,0.0188145, -0.0564513, 156.602
1434, -0.0187713 ,0.0188824, -0.0565361, 156.946
1435, -0.0186904 ,0.0189742, -0.0566389, 157.593
1436, -0.0185719 ,0.0190819, -0.0567356, 158.377
1437, -0.0184463 ,0.0191777, -0.0568017, 159.114
1438, -0.0183254 ,0.0192448, -0.0568151, 159.614
1439, -0.0182235 ,0.0192704, -0.0567643, 159.712
1440, -0.0181558 ,0.0192503, -0.0566565, 159.321
1441, -0.0181359 ,0.0191922, -0.0565202, 158.5
1442, -0.0181604 ,0.0191198, -0.0563999, 157.467
1443, -0.0181957 ,0.0190727, -0.0563411, 156.559
1444, -0.0182289 ,0.019071, -0.0563708, 156.117
1445, -0.0182594 ,0.0191135, -0.0564863, 156.346
1446, -0.0183243 ,0.0191674, -0.0566591, 157.225
1447, -0.018405 ,0.0192235, -0.0568521, 158.544
1448, -0.0184475 ,0.019293, -0.0570334, 160.023
1449, -0.0184546 ,0.0193629, -0.0571804, 161.417
1450, -0.0184426 ,0.0194171, -0.0572769, 162.548
1451, -0.01842 ,0.0194462, -0.0573125, 163.29
1452, -0.0183998 ,0.0194416, -0.057283, 163.564
1453, -0.0183886 ,0.0194009, -0.0571905, 163.337
1454, -0.0183892 ,0.0193257, -0.0570405, 162.623
1455, -0.0184093 ,0.0192162, -0.0568417, 161.465
1456, -0.0184466 ,0.0190815, -0.0566096, 159.932
1457, -0.0184834 ,0.0189434, -0.0563702, 158.147
1458, -0.0184959 ,0.0188298, -0.0561554, 156.308
1459, -0.0184744 ,0.0187587, -0.0559917, 154.657
1460, -0.0184453 ,0.0187231, -0.0558914, 153.394
1461, -0.0184214 ,0.0187148, -0.0558511, 152.614
1462, -0.0183878 ,0.0187354, -0.0558587, 152.295
1463, -0.018366 ,0.0187678, -0.0559016, 152.347
1464, -0.0183497 ,0.0188094, -0.0559685, 152.674
1465, -0.0183207 ,0.0188637, -0.056048, 153.187
1466, -0.0182903 ,0.0189169, -0.056124, 153.796
1467, -0.0182515 ,0.0189619, -0.0561753, 154.373
1468, -0.0182249 ,0.0189808, -0.0561865, 154.761
1469, -0.0182219 ,0.0189702, -0.0561623, 154.849
1470, -0.0182203 ,0.0189536, -0.0561275, 154.674
1471, -0.0181935 ,0.0189571, -0.0561077, 154.417
1472, -0.0181867 ,0.0189596, -0.0561059, 154.264
1473, -0.0182265 ,0.0189416, -0.0561097, 154.241
1474, -0.0183061 ,0.0189071, -0.0561204, 154.271
1475, -0.0183959 ,0.0188821, -0.05616, 154.365
1476, -0.0184569 ,0.0188974, -0.0562516, 154.685
1477, -0.0184816 ,0.0189563, -0.0563942, 155.395
1478, -0.0184994 ,0.0190281, -0.0565556, 156.483
1479, -0.0185163 ,0.0190863, -0.0566888, 157.709
1480, -0.0185258 ,0.0191164, -0.0567586, 158.723
1481, -0.0185139 ,0.0191229, -0.0567597, 159.262
1482, -0.0184799 ,0.0191184, -0.0567167, 159.285
1483, -0.0184458 ,0.0191098, -0.0566654, 158.972
1484, -0.0184235 ,0.0191031, -0.0566297, 158.588
1485, -0.018438 ,0.0190882, -0.0566145, 158.315
1486, -0.0184657 ,0.0190747, -0.056615, 158.195
1487, -0.018474 ,0.019076, -0.0566261, 158.196
1488, -0.0184639 ,0.0190903, -0.0566445, 158.28
1489, -0.0184324 ,0.0191191, -0.0566706, 158.423
1490, -0.0183851 ,0.019162, -0.0567092, 158.627
1491, -0.0183492 ,0.019209, -0.0567672, 158.93
1492, -0.0183432 ,0.0192514, -0.056846, 159.381
1493, -0.0183747 ,0.01928, -0.0569347, 159.986
1494, -0.0184244 ,0.0192928, -0.0570099, 160.66
1495, -0.0184722 ,0.019286, -0.0570441, 161.228
1496, -0.0185113 ,0.0192537, -0.0570186, 161.483
1497, -0.0185307 ,0.0192004, -0.0569316, 161.283
1498, -0.0185199 ,0.0191388, -0.0567974, 160.616
1499, -0.0184752 ,0.0190824, -0.05664, 159.588
1500, -0.0184132 ,0.0190374, -0.0564881, 158.381
1501, -0.0183586 ,0.0190087, -0.0563759, 157.219
1502, -0.0183397 ,0.019001, -0.0563418, 156.369
1503, -0.0183661 ,0.0190215, -0.0564091, 156.118
1504, -0.0183943 ,0.0190827, -0.0565597, 156.63
1505, -0.0184455 ,0.0191477, -0.0567408, 157.769
1506, -0.0185119 ,0.019194, -0.0568999, 159.146
1507, -0.0185698 ,0.019218, -0.0570058, 160.365
1508, -0.0185991 ,0.0192239, -0.0570469, 161.182
1509, -0.0185902 ,0.0192159, -0.057022, 161.501
1510, -0.018573 ,0.0191828, -0.0569385, 161.313
1511, -0.018568 ,0.0191233, -0.0568145, 160.676
1512, -0.0185786 ,0.0190501, -0.0566788, 159.731
1513, -0.0185958 ,0.0189828, -0.0565615, 158.696
1514, -0.0186237 ,0.0189288, -0.0564814, 157.797
1515, -0.018639 ,0.0189005, -0.05644, 157.177
1516, -0.0186292 ,0.0188979, -0.0564249, 156.849
1517, -0.0186046 ,0.0189073, -0.0564193, 156.722
1518, -0.0185912 ,0.0189096, -0.0564104, 156.671
1519, -0.0186 ,0.0188969, -0.0563938, 156.598
1520, -0.018623 ,0.0188742, -0.0563713, 156.47
1521, -0.0186106 ,0.0188671, -0.0563447, 156.295
1522, -0.0185716 ,0.0188715, -0.0563146, 156.088
1523, -0.0185183 ,0.018885, -0.0562884, 155.856
1524, -0.0184874 ,0.0189008, -0.0562891, 155.665
1525, -0.0184794 ,0.0189341, -0.0563477, 155.686
1526, -0.018472 ,0.0190042, -0.0564805, 156.15
1527, -0.0184781 ,0.0190974, -0.0566728, 157.17
1528, -0.0184946 ,0.0191966, -0.0568879, 158.64
1529, -0.018535 ,0.0192762, -0.0570874, 160.286
1530, -0.0185732 ,0.0193359, -0.0572449, 161.818
1531, -0.0185979 ,0.0193768, -0.0573515, 163.035
1532, -0.018609 ,0.0194008, -0.0574107, 163.863
1533, -0.0186125 ,0.0194073, -0.0574272, 164.326
1534, -0.0186014 ,0.019399, -0.0573994, 164.454
1535, -0.0186019 ,0.0193625, -0.0573269, 164.238
1536, -0.0186409 ,0.0192921, -0.0572251, 163.686
1537, -0.0187029 ,0.0192107, -0.0571243, 162.915
1538, -0.0187584 ,0.0191471, -0.0570525, 162.151
1539, -0.018788 ,0.0191153, -0.0570187, 161.601
1540, -0.0187762 ,0.0191181, -0.0570124, 161.333
1541, -0.0187247 ,0.019146, -0.0570168, 161.275
1542, -0.0186581 ,0.0191813, -0.0570206, 161.303
1543, -0.0185827 ,0.0192205, -0.0570236, 161.332
1544, -0.0185178 ,0.0192581, -0.0570339, 161.36
1545, -0.0184692 ,0.0192954, -0.05706, 161.444
1546, -0.0184424 ,0.01933, -0.0571024, 161.646
1547, -0.0184499 ,0.0193514, -0.0571527, 161.97
1548, -0.0184988 ,0.0193488, -0.0571965, 162.352
1549, -0.0185607 ,0.0193278, -0.0572162, 162.682
1550, -0.0186088 ,0.0192926, -0.0571939, 162.826
1551, -0.0186417 ,0.0192375, -0.0571166, 162.646
1552, -0.0186763 ,0.0191523, -0.056981, 162.046
1553, -0.0187288 ,0.0190326, -0.056794, 160.999
1554, -0.0187904 ,0.0188893, -0.0565689, 159.557
1555, -0.018797 ,0.018764, -0.0563249, 157.822
1556, -0.0187782 ,0.0186571, -0.0560924, 155.946
1557, -0.0187161 ,0.0186016, -0.0559192, 154.168
1558, -0.0186388 ,0.0186125, -0.0558638, 152.857
1559, -0.0185848 ,0.0186894, -0.0559637, 152.448
1560, -0.0185721 ,0.0188133, -0.0561987, 153.211
1561, -0.0185996 ,0.0189475, -0.0564945, 154.991
1562, -0.0186496 ,0.019058, -0.0567656, 157.237
1563, -0.0187086 ,0.0191244, -0.0569574, 159.309
1564, -0.0187567 ,0.0191526, -0.0570619, 160.791
1565, -0.018773 ,0.0191686, -0.0571103, 161.618
1566, -0.0187674 ,0.0191903, -0.057148, 162.017
1567, -0.0187536 ,0.0192263, -0.0572063, 162.326
1568, -0.0187348 ,0.0192773, -0.0572894, 162.78
1569, -0.0187058 ,0.0193384, -0.0573827, 163.415
1570, -0.0186729 ,0.0193979, -0.0574686, 164.129
1571, -0.0186506 ,0.0194431, -0.0575368, 164.79
1572, -0.0186454 ,0.0194688, -0.0575829, 165.317
1573, -0.0186568 ,0.0194736, -0.0576041, 165.674
1574, -0.018685 ,0.0194559, -0.0575969, 165.836
1575, -0.0187126 ,0.019423, -0.0575586, 165.78
1576, -0.0187025 ,0.019393, -0.0574885, 165.483
1577, -0.0186995 ,0.0193439, -0.0573873, 164.941
1578, -0.0187059 ,0.0192758, -0.0572575, 164.159
1579, -0.0187066 ,0.0191986, -0.0571038, 163.156
1580, -0.018686 ,0.0191239, -0.0569338, 161.97
1581, -0.0186632 ,0.0190469, -0.0567569, 160.658
1582, -0.0186403 ,0.0189709, -0.0565821, 159.294
1583, -0.018627 ,0.018894, -0.0564151, 157.943
1584, -0.0186322 ,0.0188136, -0.0562594, 156.651
1585, -0.0186367 ,0.018743, -0.0561227, 155.449
1586, -0.0186526 ,0.0186842, -0.056021, 154.398
1587, -0.0186886 ,0.0186441, -0.0559768, 153.622
1588, -0.0187025 ,0.0186529, -0.0560083, 153.289
1589, -0.0186673 ,0.0187254, -0.0561182, 153.535
1590, -0.0186122 ,0.0188378, -0.0562877, 154.375
1591, -0.0185622 ,0.0189594, -0.0564811, 155.668
1592, -0.0185143 ,0.0190726, -0.0566595, 157.144
1593, -0.0184829 ,0.0191569, -0.0567968, 158.511
1594, -0.0184753 ,0.0192058, -0.0568868, 159.571
1595, -0.0185006 ,0.0192182, -0.056937, 160.272
1596, -0.0185585 ,0.0191978, -0.0569542, 160.664
1597, -0.0186121 ,0.0191634, -0.0569389, 160.796
1598, -0.0186735 ,0.019109, -0.0568915, 160.677
1599, -0.0187432 ,0.0190392, -0.0568217, 160.315
1600, -0.0187981 ,0.0189751, -0.0567483, 159.784
1601, -0.0188248 ,0.0189332, -0.0566912, 159.225
1602, -0.0188675 ,0.0188992, -0.0566659, 158.791
1603, -0.0188954 ,0.0188909, -0.0566772, 158.597
1604, -0.0188906 ,0.0189122, -0.056715, 158.679
1605, -0.0188631 ,0.018948, -0.0567591, 158.962
1606, -0.0188252 ,0.0189828, -0.0567908, 159.295
1607, -0.0187827 ,0.0190092, -0.0568011, 159.537
1608, -0.0187235 ,0.0190337, -0.0567909, 159.619
1609, -0.0186485 ,0.0190588, -0.0567662, 159.545
1610, -0.0186062 ,0.0190623, -0.0567308, 159.356
1611, -0.0186002 ,0.0190416, -0.0566834, 159.082
1612, -0.0186129 ,0.0190028, -0.0566186, 158.712
1613, -0.0186409 ,0.0189453, -0.0565315, 158.207
1614, -0.0186495 ,0.0188867, -0.0564228, 157.533
1615, -0.0186357 ,0.0188338, -0.0563032, 156.696
1616, -0.0186176 ,0.0187889, -0.0561954, 155.781
1617, -0.0185991 ,0.0187652, -0.0561295, 154.961
1618, -0.0185786 ,0.0187751, -0.0561289, 154.463
1619, -0.0185528 ,0.0188194, -0.0561916, 154.458
1620, -0.0185511 ,0.0188668, -0.0562847, 154.927
1621, -0.0185715 ,0.0188954, -0.0563623, 155.624
1622, -0.018603 ,0.0188944, -0.0563919, 156.208
1623, -0.0186273 ,0.0188695, -0.0563663, 156.434
1624, -0.0186329 ,0.0188332, -0.0562993, 156.243
1625, -0.0186041 ,0.0188057, -0.0562156, 155.735
1626, -0.0185656 ,0.0187901, -0.0561458, 155.101
1627, -0.0185392 ,0.0187927, -0.0561246, 154.577
1628, -0.0185239 ,0.0188289, -0.0561816, 154.428
1629, -0.0184992 ,0.0189123, -0.0563237, 154.872
1630, -0.0184963 ,0.0190147, -0.0565257, 155.959
1631, -0.0185152 ,0.0191123, -0.0567398, 157.498
1632, -0.0185347 ,0.0191897, -0.0569142, 159.13
1633, -0.0185412 ,0.019235, -0.0570112, 160.46
1634, -0.018538 ,0.0192432, -0.0570244, 161.208
1635, -0.0185068 ,0.0192385, -0.0569838, 161.326
1636, -0.0184391 ,0.0192495, -0.0569381, 161.038
1637, -0.0183963 ,0.0192626, -0.0569215, 160.702
1638, -0.0184064 ,0.0192649, -0.0569363, 160.573
1639, -0.0184601 ,0.0192521, -0.0569643, 160.678
1640, -0.0185398 ,0.0192208, -0.0569814, 160.883
1641, -0.0186069 ,0.0191808, -0.0569684, 161.006
1642, -0.0186291 ,0.0191459, -0.0569209, 160.903
1643, -0.0186267 ,0.019112, -0.0568506, 160.542
1644, -0.0186224 ,0.0190782, -0.0567788, 160.009
1645, -0.0186219 ,0.0190535, -0.0567289, 159.465
1646, -0.0186211 ,0.0190503, -0.0567217, 159.089
1647, -0.0186419 ,0.0190624, -0.0567667, 159.039
1648, -0.0186721 ,0.0190886, -0.0568494, 159.38
1649, -0.018706 ,0.0191136, -0.0569332, 160.002
1650, -0.0187154 ,0.0191302, -0.0569758, 160.629
1651, -0.018717 ,0.0191169, -0.0569508, 160.946
1652, -0.0187152 ,0.0190718, -0.0568589, 160.754
1653, -0.0187179 ,0.0190045, -0.0567269, 160.057
1654, -0.0187284 ,0.018933, -0.0565945, 159.057
1655, -0.0187467 ,0.0188759, -0.0564985, 158.052
1656, -0.0187684 ,0.0188467, -0.0564617, 157.321
1657, -0.018804 ,0.0188423, -0.0564885, 157.038
1658, -0.0188597 ,0.018854, -0.0565678, 157.24
1659, -0.0189287 ,0.0188747, -0.0566782, 157.842
1660, -0.0189893 ,0.0189024, -0.0567941, 158.684
1661, -0.019027 ,0.018932, -0.0568909, 159.568
1662, -0.0190318 ,0.0189596, -0.056951, 160.309
1663, -0.018994 ,0.0189852, -0.0569644, 160.769
1664, -0.0189369 ,0.0189953, -0.0569274, 160.871
1665, -0.0188779 ,0.0189819, -0.0568416, 160.584
1666, -0.0188338 ,0.0189408, -0.0567154, 159.923
1667, -0.0187879 ,0.0188888, -0.0565655, 158.953
1668, -0.0187066 ,0.0188547, -0.0564159, 157.804
1669, -0.0186382 ,0.0188266, -0.0562914, 156.658
1670, -0.0185878 ,0.0188119, -0.0562116, 155.703
1671, -0.0185513 ,0.0188183, -0.0561878, 155.091
1672, -0.0185195 ,0.018852, -0.0562236, 154.909
1673, -0.0185238 ,0.0188953, -0.0563145, 155.184
1674, -0.0185413 ,0.0189516, -0.0564446, 155.88
1675, -0.0185532 ,0.0190148, -0.0565829, 156.872
1676, -0.018564 ,0.0190636, -0.0566911, 157.924
1677, -0.0185743 ,0.0190829, -0.0567401, 158.747
1678, -0.0185807 ,0.0190711, -0.0567229, 159.124
1679, -0.018579 ,0.0190372, -0.0566533, 158.998
1680, -0.0185637 ,0.0189959, -0.0565555, 158.472
1681, -0.0185201 ,0.0189675, -0.0564551, 157.727
1682, -0.0184627 ,0.0189568, -0.0563763, 156.962
1683, -0.0184272 ,0.0189535, -0.0563341, 156.36
1684, -0.0184234 ,0.0189494, -0.0563223, 156.031
1685, -0.0184382 ,0.0189394, -0.056317, 155.927
1686, -0.0184509 ,0.0189227, -0.0562963, 155.876
1687, -0.0184683 ,0.0188919, -0.0562521, 155.712
1688, -0.0184967 ,0.0188473, -0.0561912, 155.375
1689, -0.0185365 ,0.0187963, -0.0561291, 154.912
1690, -0.0185758 ,0.0187541, -0.0560839, 154.44
1691, -0.018588 ,0.0187416, -0.0560713, 154.098
1692, -0.0185758 ,0.0187634, -0.0561026, 154.006
1693, -0.0185322 ,0.018826, -0.0561842, 154.252
1694, -0.0184802 ,0.0189183, -0.0563169, 154.883
1695, -0.0184314 ,0.0190318, -0.0564949, 155.907
1696, -0.0183975 ,0.0191538, -0.0567051, 157.279
1697, -0.018389 ,0.0192678, -0.0569247, 158.894
1698, -0.0184076 ,0.0193589, -0.0571254, 160.579
1699, -0.0184477 ,0.0194171, -0.0572819, 162.12
1700, -0.0184707 ,0.0194535, -0.0573776, 163.324
1701, -0.0185002 ,0.0194528, -0.0574057, 164.062
1702, -0.0185529 ,0.0194075, -0.0573679, 164.281
1703, -0.0186063 ,0.019333, -0.0572723, 163.993
1704, -0.0186342 ,0.0192466, -0.0571274, 163.257
1705, -0.0186377 ,0.0191502, -0.0569381, 162.137
1706, -0.0186534 ,0.0190285, -0.0567105, 160.673
1707, -0.0186822 ,0.0188902, -0.0564626, 158.918
1708, -0.0187227 ,0.0187522, -0.056227, 157.013
1709, -0.0187722 ,0.0186345, -0.0560412, 155.207
1710, -0.0188163 ,0.018559, -0.0559343, 153.782
1711, -0.0188628 ,0.0185314, -0.0559256, 152.962
1712, -0.0188705 ,0.018578, -0.0560264, 152.901
1713, -0.0188625 ,0.0186857, -0.0562338, 153.68
1714, -0.0188367 ,0.0188428, -0.0565222, 155.274
1715, -0.0187957 ,0.0190243, -0.0568443, 157.482
1716, -0.0187434 ,0.0192011, -0.0571456, 159.949
1717, -0.0186912 ,0.0193454, -0.057382, 162.26
1718, -0.0186427 ,0.0194446, -0.0575318, 164.08
1719, -0.0185986 ,0.0194991, -0.0575969, 165.241
1720, -0.0185519 ,0.0195214, -0.0575947, 165.754
1721, -0.0185154 ,0.0195169, -0.0575491, 165.749
1722, -0.0185169 ,0.0194849, -0.0574867, 165.408
1723, -0.0185519 ,0.0194421, -0.0574362, 164.938
1724, -0.0185772 ,0.019422, -0.0574211, 164.559
1725, -0.0185981 ,0.0194261, -0.0574504, 164.446
1726, -0.0186477 ,0.0194361, -0.0575199, 164.67
1727, -0.018706 ,0.0194562, -0.0576183, 165.204
1728, -0.0187778 ,0.0194725, -0.0577228, 165.956
1729, -0.0188655 ,0.0194668, -0.0577992, 166.748
1730, -0.0189662 ,0.0194248, -0.0578159, 167.323
1731, -0.0190508 ,0.0193539, -0.0577586, 167.446
1732, -0.019076 ,0.0192761, -0.0576281, 167.003
1733, -0.0190609 ,0.0191859, -0.0574326, 165.996
1734, -0.0190261 ,0.0190825, -0.0571911, 164.49
1735, -0.0189879 ,0.0189784, -0.0569448, 162.64
1736, -0.0189536 ,0.0189002, -0.0567539, 160.763
1737, -0.0189472 ,0.0188655, -0.0566782, 159.316
1738, -0.0189825 ,0.0188829, -0.0567483, 158.747
1739, -0.0190448 ,0.0189486, -0.0569421, 159.278
1740, -0.0190984 ,0.0190464, -0.0571913, 160.743
1741, -0.0191371 ,0.0191398, -0.0574168, 162.633
1742, -0.0191646 ,0.0191997, -0.0575639, 164.352
1743, -0.0191731 ,0.0192204, -0.0576139, 165.483
1744, -0.0191595 ,0.0192081, -0.0575757, 165.875
1745, -0.0191376 ,0.0191677, -0.0574731, 165.591
1746, -0.0191158 ,0.0191097, -0.0573352, 164.811
1747, -0.0190377 ,0.0190737, -0.0571851, 163.754
1748, -0.0189273 ,0.0190523, -0.0570319, 162.594
1749, -0.0188427 ,0.0190175, -0.0568778, 161.405
1750, -0.0188005 ,0.0189681, -0.0567367, 160.217
1751, -0.0187848 ,0.0189281, -0.0566409, 159.141
1752, -0.0187287 ,0.0189478, -0.0566244, 158.417
1753, -0.0186461 ,0.0190268, -0.0566997, 158.296
1754, -0.0185912 ,0.0191303, -0.0568519, 158.873
1755, -0.0185744 ,0.0192351, -0.0570446, 160.034
1756, -0.0185849 ,0.0193221, -0.0572292, 161.504
1757, -0.0186254 ,0.0193667, -0.0573588, 162.91
1758, -0.0186801 ,0.0193629, -0.0574058, 163.902
1759, -0.0187433 ,0.0193137, -0.0573707, 164.268
1760, -0.0188029 ,0.0192376, -0.0572782, 164.011
1761, -0.0188217 ,0.0191709, -0.0571636, 163.314
1762, -0.0187951 ,0.0191313, -0.0570577, 162.444
1763, -0.0187535 ,0.0191127, -0.0569789, 161.633
1764, -0.0186543 ,0.0191394, -0.0569331, 161.026
1765, -0.0185472 ,0.0191847, -0.0569166, 160.669
1766, -0.0184646 ,0.0192289, -0.0569223, 160.538
1767, -0.018409 ,0.0192686, -0.0569462, 160.58
1768, -0.0183841 ,0.019303, -0.0569901, 160.766
1769, -0.0183969 ,0.0193309, -0.0570587, 161.109
1770, -0.0184516 ,0.0193502, -0.0571519, 161.641
1771, -0.0185368 ,0.0193631, -0.0572629, 162.359
1772, -0.0186223 ,0.0193796, -0.0573815, 163.213
1773, -0.0187097 ,0.0193935, -0.0574967, 164.125
1774, -0.0187772 ,0.0194102, -0.0575976, 165.011
1775, -0.0187903 ,0.0194403, -0.0576709, 165.785
1776, -0.0188065 ,0.019448, -0.0577024, 166.345
1777, -0.0188444 ,0.0194192, -0.0576829, 166.583
1778, -0.0189021 ,0.0193578, -0.0576177, 166.433
1779, -0.0189405 ,0.0192946, -0.0575298, 165.94
1780, -0.0189256 ,0.0192605, -0.0574467, 165.274
1781, -0.0188579 ,0.019263, -0.057384, 164.639
1782, -0.0187912 ,0.0192736, -0.0573384, 164.152
1783, -0.0187493 ,0.0192728, -0.0572949, 163.791
1784, -0.0187208 ,0.0192585, -0.0572378, 163.445
1785, -0.0187126 ,0.0192246, -0.0571618, 163.001
1786, -0.0187224 ,0.0191768, -0.057076, 162.417
1787, -0.0187309 ,0.0191347, -0.0570004, 161.763
1788, -0.0187282 ,0.0191132, -0.0569547, 161.188
1789, -0.0187103 ,0.0191176, -0.0569454, 160.836
1790, -0.0186722 ,0.0191463, -0.0569648, 160.76
1791, -0.0186088 ,0.0191945, -0.0569979, 160.901
1792, -0.0185575 ,0.0192362, -0.0570298, 161.15
1793, -0.0185547 ,0.019247, -0.0570487, 161.391
1794, -0.0186036 ,0.0192222, -0.057048, 161.534
1795, -0.0186639 ,0.0191815, -0.0570269, 161.53
1796, -0.0186865 ,0.0191483, -0.0569831, 161.366
1797, -0.0186436 ,0.0191326, -0.0569088, 161.023
1798, -0.018593 ,0.019101, -0.056795, 160.444
1799, -0.0185582 ,0.019041, -0.0566402, 159.562
1800, -0.018557 ,0.0189506, -0.0564582, 158.37
1801, -0.0186037 ,0.0188389, -0.0562814, 156.977
1802, -0.0186846 ,0.0187339, -0.0561523, 155.631
1803, -0.018725 ,0.0186894, -0.0561039, 154.649
1804, -0.0187165 ,0.0187135, -0.0561435, 154.278
1805, -0.0187005 ,0.0187762, -0.0562528, 154.576
1806, -0.0186972 ,0.0188525, -0.0564022, 155.408
1807, -0.0187119 ,0.0189266, -0.0565651, 156.552
1808, -0.0187318 ,0.0189959, -0.0567235, 157.806
1809, -0.0187405 ,0.0190624, -0.0568653, 159.027
1810, -0.018752 ,0.0191144, -0.0569809, 160.121
1811, -0.0187706 ,0.0191448, -0.0570603, 161.011
1812, -0.0187777 ,0.0191581, -0.0570939, 161.621
1813, -0.0187675 ,0.0191558, -0.0570791, 161.881
1814, -0.0187498 ,0.0191369, -0.0570236, 161.771
1815, -0.0187146 ,0.019113, -0.0569407, 161.349
1816, -0.0186664 ,0.0190872, -0.0568408, 160.713
1817, -0.0186056 ,0.0190619, -0.0567294, 159.942
1818, -0.0185353 ,0.0190386, -0.0566125, 159.081
1819, -0.0184681 ,0.019018, -0.0565042, 158.182
1820, -0.018441 ,0.018994, -0.0564291, 157.356
1821, -0.0184631 ,0.0189766, -0.0564162, 156.789
1822, -0.0185158 ,0.0189852, -0.0564863, 156.7
1823, -0.0186049 ,0.0190158, -0.0566365, 157.241
1824, -0.018682 ,0.0190772, -0.0568364, 158.387
1825, -0.0187313 ,0.0191542, -0.0570397, 159.911
1826, -0.018769 ,0.0192161, -0.0572013, 161.461
1827, -0.0188146 ,0.0192392, -0.0572931, 162.697
1828, -0.0188603 ,0.0192265, -0.0573133, 163.406
1829, -0.0188656 ,0.0192103, -0.0572862, 163.574
1830, -0.0188317 ,0.0192062, -0.0572442, 163.38
1831, -0.0187804 ,0.01921, -0.0572005, 163.06
1832, -0.0187282 ,0.0192089, -0.057146, 162.715
1833, -0.0187132 ,0.0191837, -0.0570807, 162.292
1834, -0.0187221 ,0.0191536, -0.0570292, 161.801
1835, -0.0187073 ,0.0191531, -0.0570134, 161.416
1836, -0.0186629 ,0.0191794, -0.0570217, 161.288
1837, -0.0186228 ,0.0191969, -0.0570167, 161.332
1838, -0.0186041 ,0.0191828, -0.0569697, 161.278
1839, -0.0186102 ,0.0191383, -0.0568868, 160.918
1840, -0.0186242 ,0.0190913, -0.0568067, 160.297
1841, -0.0186259 ,0.0190746, -0.056775, 159.703
1842, -0.0186311 ,0.0190893, -0.0568097, 159.468
1843, -0.0186535 ,0.0191179, -0.0568893, 159.726
1844, -0.0186553 ,0.0191582, -0.0569718, 160.32
1845, -0.0186345 ,0.019194, -0.0570225, 160.942
1846, -0.0186136 ,0.0192056, -0.0570247, 161.327
1847, -0.0186066 ,0.0191861, -0.0569788, 161.345
1848, -0.0186005 ,0.0191481, -0.0568967, 160.995
1849, -0.0185738 ,0.0191106, -0.056795, 160.367
1850, -0.0185082 ,0.0190901, -0.0566885, 159.587
1851, -0.0184412 ,0.0190717, -0.0565845, 158.765
1852, -0.0183827 ,0.0190508, -0.0564843, 157.96
1853, -0.0183373 ,0.0190256, -0.0563884, 157.183
1854, -0.0183232 ,0.0189907, -0.0563047, 156.444
1855, -0.0183348 ,0.0189577, -0.0562502, 155.805
1856, -0.0183725 ,0.0189362, -0.056245, 155.394
1857, -0.0183903 ,0.0189536, -0.0562976, 155.359
1858, -0.0184054 ,0.0189962, -0.0563978, 155.761
1859, -0.0184626 ,0.0190304, -0.0565234, 156.525
1860, -0.0185166 ,0.0190681, -0.0566528, 157.487
1861, -0.0185311 ,0.0191197, -0.0567705, 158.482
1862, -0.018511 ,0.0191765, -0.0568639, 159.388
1863, -0.018457 ,0.0192312, -0.0569195, 160.104
1864, -0.0183903 ,0.0192665, -0.0569232, 160.526
1865, -0.0183277 ,0.01927, -0.0568678, 160.549
1866, -0.0182658 ,0.0192464, -0.0567587, 160.121
1867, -0.0182013 ,0.0192078, -0.0566169, 159.284
1868, -0.0181463 ,0.0191647, -0.0564756, 158.201
1869, -0.0181308 ,0.0191214, -0.0563736, 157.125
1870, -0.0181549 ,0.0190935, -0.0563419, 156.35
1871, -0.0181991 ,0.0190933, -0.0563856, 156.106
1872, -0.0182454 ,0.019116, -0.0564774, 156.43
1873, -0.0183088 ,0.0191337, -0.0565763, 157.119
1874, -0.0183826 ,0.019136, -0.0566546, 157.872
1875, -0.0184453 ,0.0191307, -0.0567066, 158.477
1876, -0.0184869 ,0.0191255, -0.056738, 158.884
1877, -0.0184848 ,0.0191326, -0.0567501, 159.129
1878, -0.0184534 ,0.0191398, -0.056733, 159.217
1879, -0.0183946 ,0.0191377, -0.0566701, 159.076
1880, -0.0183367 ,0.0191062, -0.0565492, 158.583
1881, -0.0182991 ,0.0190356, -0.0563704, 157.647
1882, -0.0183003 ,0.0189237, -0.0561477, 156.269
1883, -0.018342 ,0.0187822, -0.0559064, 154.558
1884, -0.0183889 ,0.0186441, -0.0556771, 152.705
1885, -0.0184234 ,0.0185315, -0.0554864, 150.944
1886, -0.0184586 ,0.0184444, -0.0553474, 149.474
1887, -0.0184835 ,0.0183868, -0.0552572, 148.395
1888, -0.0185099 ,0.0183459, -0.0552017, 147.689
1889, -0.018536 ,0.0183153, -0.0551667, 147.251
1890, -0.0185952 ,0.0182751, -0.0551455, 146.977
1891, -0.0186751 ,0.0182313, -0.0551377, 146.813
1892, -0.0187128 ,0.0182157, -0.0551442, 146.753
1893, -0.0187206 ,0.0182248, -0.0551702, 146.807
1894, -0.0186894 ,0.0182702, -0.0552298, 147.016
1895, -0.0186429 ,0.0183505, -0.055344, 147.49
1896, -0.0186021 ,0.0184629, -0.0555279, 148.384
1897, -0.0185888 ,0.0185955, -0.0557799, 149.809
1898, -0.0186106 ,0.0187338, -0.0560783, 151.75
1899, -0.0186267 ,0.0188814, -0.0563896, 154.045
1900, -0.0186084 ,0.0190361, -0.0566806, 156.439
1901, -0.0185947 ,0.0191667, -0.0569282, 158.682
1902, -0.0185798 ,0.019272, -0.0571238, 160.595
1903, -0.0185498 ,0.0193619, -0.0572737, 162.113
1904, -0.0185144 ,0.01944, -0.0573944, 163.282
1905, -0.0184748 ,0.0195144, -0.0575035, 164.225
1906, -0.0184319 ,0.0195873, -0.0576065, 165.071
1907, -0.0183975 ,0.0196478, -0.057693, 165.861
1908, -0.0183935 ,0.0196788, -0.057751, 166.522
1909, -0.018424 ,0.0196796, -0.0577833, 166.972
1910, -0.0184713 ,0.0196663, -0.057804, 167.229
1911, -0.0185275 ,0.0196463, -0.0578201, 167.393
1912, -0.0185784 ,0.0196232, -0.0578248, 167.514
1913, -0.0185993 ,0.0196045, -0.0578082, 167.547
1914, -0.0185863 ,0.0195896, -0.0577654, 167.416
1915, -0.0185703 ,0.0195634, -0.0576972, 167.086
1916, -0.0185746 ,0.0195174, -0.0576094, 166.561
1917, -0.0185932 ,0.0194595, -0.0575121, 165.887
1918, -0.0186121 ,0.0194021, -0.0574164, 165.14
1919, -0.0185944 ,0.0193654, -0.0573253, 164.4
1920, -0.0185644 ,0.0193319, -0.0572282, 163.689
1921, -0.0185508 ,0.0192776, -0.057106, 162.926
1922, -0.0185414 ,0.0192028, -0.0569471, 161.972
1923, -0.0185055 ,0.019127, -0.0567595, 160.744
1924, -0.0184625 ,0.0190538, -0.0565702, 159.305
1925, -0.0184346 ,0.0189881, -0.0564108, 157.854
1926, -0.0184236 ,0.0189397, -0.056303, 156.629
1927, -0.0183954 ,0.0189287, -0.0562528, 155.796
1928, -0.0183978 ,0.0189287, -0.0562552, 155.404
1929, -0.0184381 ,0.0189316, -0.0563013, 155.418
1930, -0.0184802 ,0.0189488, -0.0563778, 155.769
1931, -0.0185389 ,0.0189625, -0.056464, 156.351
1932, -0.0185729 ,0.0189819, -0.0565367, 157.007
1933, -0.0186045 ,0.0189879, -0.0565804, 157.564
1934, -0.0186377 ,0.0189762, -0.0565901, 157.9
1935, -0.0186591 ,0.018956, -0.0565711, 157.979
1936, -0.0186925 ,0.0189216, -0.0565357, 157.839
1937, -0.0187443 ,0.0188762, -0.0564968, 157.572
1938, -0.0187985 ,0.0188308, -0.0564602, 157.274
1939, -0.0188222 ,0.0188001, -0.0564224, 156.987
1940, -0.0188277 ,0.0187762, -0.0563801, 156.69
1941, -0.0188113 ,0.0187649, -0.0563412, 156.365
1942, -0.0187803 ,0.0187673, -0.0563149, 156.068
1943, -0.0187711 ,0.0187606, -0.0562923, 155.86
1944, -0.018778 ,0.0187386, -0.0562552, 155.675
1945, -0.0187462 ,0.0187264, -0.056199, 155.386
1946, -0.0186738 ,0.01873, -0.0561337, 154.957
1947, -0.0186141 ,0.0187296, -0.0560733, 154.46
1948, -0.0185942 ,0.0187178, -0.0560299, 153.999
1949, -0.0185958 ,0.0187086, -0.056013, 153.669
1950, -0.0185762 ,0.0187263, -0.0560287, 153.542
1951, -0.018544 ,0.0187684, -0.0560808, 153.665
1952, -0.0185256 ,0.0188228, -0.0561713, 154.07
1953, -0.0185255 ,0.0188855, -0.0562965, 154.77
1954, -0.0185263 ,0.0189579, -0.0564421, 155.732
1955, -0.0185242 ,0.0190324, -0.0565889, 156.85
1956, -0.0185198 ,0.0191025, -0.0567248, 157.98
1957, -0.0185071 ,0.0191716, -0.0568503, 159.034
1958, -0.0185019 ,0.0192349, -0.0569718, 160.009
1959, -0.018512 ,0.0192918, -0.0570956, 160.954
1960, -0.0185307 ,0.0193468, -0.0572242, 161.914
1961, -0.0185562 ,0.0193981, -0.0573524, 162.909
1962, -0.0185925 ,0.0194345, -0.0574616, 163.892
1963, -0.0186222 ,0.0194505, -0.0575232, 164.723
1964, -0.0186353 ,0.0194385, -0.0575123, 165.187
1965, -0.0186234 ,0.0193982, -0.0574197, 165.098
1966, -0.0185907 ,0.0193315, -0.0572537, 164.384
1967, -0.0185559 ,0.0192408, -0.0570375, 163.109
1968, -0.0185312 ,0.019137, -0.0568053, 161.451
1969, -0.0185086 ,0.0190436, -0.0565958, 159.672
1970, -0.0185056 ,0.0189677, -0.0564409, 158.065
1971, -0.0185027 ,0.0189267, -0.0563561, 156.874
1972, -0.0184787 ,0.0189271, -0.0563328, 156.213
1973, -0.018462 ,0.0189395, -0.0563409, 156.017
1974, -0.0184495 ,0.0189459, -0.0563412, 156.059
1975, -0.0184289 ,0.0189371, -0.0563031, 156.046
1976, -0.0184287 ,0.0188933, -0.0562154, 155.745
1977, -0.0184538 ,0.0188172, -0.0560883, 155.072
1978, -0.018458 ,0.0187431, -0.0559442, 154.1
1979, -0.0184313 ,0.018687, -0.0558053, 152.995
1980, -0.0184105 ,0.0186382, -0.0556869, 151.928
1981, -0.0184012 ,0.0185988, -0.0555988, 151.015
1982, -0.0183892 ,0.0185802, -0.0555497, 150.338
1983, -0.0183413 ,0.0186029, -0.0555471, 149.962
1984, -0.0182857 ,0.0186549, -0.0555954, 149.944
1985, -0.0182642 ,0.0187143, -0.0556929, 150.318
1986, -0.018259 ,0.0187857, -0.0558304, 151.068
1987, -0.0182896 ,0.0188507, -0.055991, 152.124
1988, -0.0183485 ,0.0189024, -0.0561534, 153.358
1989, -0.0184249 ,0.0189353, -0.0562954, 154.603
1990, -0.018499 ,0.0189515, -0.0564019, 155.695
1991, -0.0185588 ,0.018957, -0.0564728, 156.519
1992, -0.0186083 ,0.0189593, -0.0565268, 157.078
1993, -0.0186287 ,0.01898, -0.0565887, 157.509
1994, -0.0186166 ,0.0190254, -0.0566674, 157.994
1995, -0.0185999 ,0.0190747, -0.0567494, 158.596
1996, -0.0186068 ,0.0191041, -0.0568149, 159.221
1997, -0.0186373 ,0.0191099, -0.056857, 159.726
1998, -0.0186455 ,0.0191196, -0.0568847, 160.058
1999, -0.018647 ,0.0191329, -0.0569128, 160.282
