Step, TotalE, KinE(ev/atom), PotE(ev/at), Temp(K)
0, -0.00143513 ,0.0365322, -0.0744996, 500
1, -0.000791385 ,0.0360473, -0.072886, 496.395
2, 0.000629581 ,0.0349219, -0.0692142, 483.33
3, 0.00310416 ,0.0326474, -0.0621907, 453.927
4, 0.00578698 ,0.0288632, -0.0519394, 398.96
5, 0.00687382 ,0.0252458, -0.0436178, 321.852
6, 0.00722626 ,0.0248965, -0.0425668, 260.48
7, 0.0063201 ,0.0260721, -0.0458242, 250.495
8, 0.00511218 ,0.0269697, -0.0488272, 273.571
9, 0.00441212 ,0.0271808, -0.0499495, 296.317
10, 0.00427905 ,0.0267892, -0.0492993, 305.12
11, 0.00452062 ,0.0262572, -0.0479937, 300.617
12, 0.00470084 ,0.0259997, -0.0472986, 291.107
13, 0.0045348 ,0.0260112, -0.0474876, 285.836
14, 0.00418341 ,0.0260728, -0.0479621, 286.993
15, 0.00421135 ,0.0261499, -0.0480884, 290.371
16, 0.00446504 ,0.0261398, -0.0478145, 291.331
17, 0.00459704 ,0.0261927, -0.0477884, 289.572
18, 0.00453253 ,0.0262802, -0.0480278, 289.399
19, 0.00439479 ,0.0260869, -0.0477789, 290.766
20, 0.0045195 ,0.0259016, -0.0472836, 289.056
21, 0.0045414 ,0.0257879, -0.0470344, 285.41
22, 0.00433267 ,0.0258241, -0.0473155, 283.652
23, 0.00401938 ,0.0259565, -0.0478936, 285.748
24, 0.00365927 ,0.0259489, -0.0482386, 289.968
25, 0.00355873 ,0.025908, -0.0482574, 292.685
26, 0.00376616 ,0.0258403, -0.0479144, 292.797
27, 0.00390291 ,0.0256479, -0.0473928, 290.168
28, 0.00409181 ,0.0254969, -0.0469019, 286.16
29, 0.00403905 ,0.0254817, -0.0469243, 282.624
30, 0.00372712 ,0.0256198, -0.0475125, 282.881
31, 0.00366183 ,0.0255841, -0.0475063, 286.811
32, 0.00405872 ,0.0253523, -0.0466459, 286.54
33, 0.00431751 ,0.0252676, -0.0462178, 280.639
34, 0.00409432 ,0.0253857, -0.046677, 277.468
35, 0.00362626 ,0.0255534, -0.0474806, 280.871
36, 0.00343988 ,0.0255136, -0.0475873, 286.528
37, 0.00350988 ,0.0253131, -0.0471164, 287.465
38, 0.00356309 ,0.0250788, -0.0465945, 284.058
39, 0.00344246 ,0.0249616, -0.0464807, 280.17
40, 0.00332228 ,0.0252582, -0.0471942, 279.576
41, 0.00313262 ,0.0255514, -0.0479702, 284.701
42, 0.00311744 ,0.0255159, -0.0479143, 290.265
43, 0.00341323 ,0.0253278, -0.0472425, 289.969
44, 0.0037669 ,0.0252462, -0.0467255, 285.162
45, 0.00368175 ,0.0252732, -0.0468646, 281.346
46, 0.00337002 ,0.0254567, -0.0475434, 282.428
47, 0.00335716 ,0.025588, -0.0478189, 287.094
48, 0.00335094 ,0.0255859, -0.0478208, 289.408
49, 0.0034111 ,0.0256427, -0.0478742, 289.606
50, 0.0035981 ,0.0257561, -0.0479141, 290.011
51, 0.00375517 ,0.0257436, -0.047732, 290.183
52, 0.00372229 ,0.0256203, -0.0475183, 288.884
53, 0.0035637 ,0.0255032, -0.0474427, 287.338
54, 0.00352629 ,0.0254392, -0.047352, 286.665
55, 0.00365764 ,0.0253645, -0.0470714, 285.864
56, 0.00382994 ,0.0252861, -0.0467422, 283.598
57, 0.0038841 ,0.0253518, -0.0468196, 281.257
58, 0.00366417 ,0.0253849, -0.0471056, 281.664
59, 0.00344379 ,0.0254086, -0.0473733, 283.795
60, 0.00349197 ,0.0255256, -0.0475592, 285.916
61, 0.00360331 ,0.025701, -0.0477986, 287.494
62, 0.00341676 ,0.0259075, -0.0483982, 289.633
63, 0.00310818 ,0.0261061, -0.049104, 294.148
64, 0.00297567 ,0.0261297, -0.0492837, 299.243
65, 0.00323773 ,0.0261091, -0.0489806, 300.688
66, 0.00348608 ,0.0260409, -0.0485958, 298.469
67, 0.00350237 ,0.0260525, -0.0486026, 295.786
68, 0.00372749 ,0.0260189, -0.0483104, 295.312
69, 0.00398199 ,0.0258356, -0.0476893, 293.116
70, 0.00402061 ,0.0256152, -0.0472097, 288.54
71, 0.00397326 ,0.0254578, -0.0469423, 284.843
72, 0.0039192 ,0.0254391, -0.0469589, 282.794
73, 0.00384999 ,0.0256966, -0.0475431, 283.056
74, 0.00353563 ,0.0260471, -0.0485585, 287.551
75, 0.00334737 ,0.0261415, -0.0489356, 294.882
76, 0.00354205 ,0.0257145, -0.047887, 297.337
77, 0.00376998 ,0.0251173, -0.0464646, 289.777
78, 0.00384462 ,0.0249161, -0.0459876, 279.405
79, 0.00364065 ,0.0250569, -0.0464731, 275.701
80, 0.00330862 ,0.0251285, -0.0469484, 278.862
81, 0.00302173 ,0.0252012, -0.0473807, 282.73
82, 0.00292126 ,0.0251959, -0.0474705, 285.929
83, 0.00312174 ,0.0250385, -0.0469553, 286.433
84, 0.00360846 ,0.0249694, -0.0463303, 282.751
85, 0.00404999 ,0.0248932, -0.0457363, 277.831
86, 0.00417132 ,0.0248996, -0.0456278, 273.506
87, 0.00405454 ,0.024953, -0.0458514, 272.538
88, 0.00408064 ,0.0249816, -0.0458825, 273.955
89, 0.00400602 ,0.0250015, -0.0459971, 274.424
90, 0.00386117 ,0.025036, -0.0462108, 275.346
91, 0.00383264 ,0.0250534, -0.0462741, 276.836
92, 0.00383918 ,0.0251753, -0.0465115, 277.586
93, 0.00390145 ,0.025352, -0.0468025, 279.283
94, 0.00366565 ,0.0254795, -0.0472934, 281.636
95, 0.00331981 ,0.0255795, -0.0478393, 285.41
96, 0.00310105 ,0.0255089, -0.0479168, 289.349
97, 0.00303857 ,0.0253282, -0.0476179, 290.068
98, 0.00342492 ,0.0252618, -0.0470987, 287.75
99, 0.00352517 ,0.0252499, -0.0469746, 284.06
100, 0.00354495 ,0.0253565, -0.0471679, 282.971
101, 0.00355965 ,0.0255845, -0.0476093, 284.434
102, 0.00341097 ,0.0258755, -0.04834, 287.982
103, 0.00331959 ,0.0258963, -0.0484731, 293.089
104, 0.00357167 ,0.0258262, -0.0480807, 294.218
105, 0.00376031 ,0.0257746, -0.0477889, 291.564
106, 0.00393139 ,0.0256196, -0.0473078, 289.054
107, 0.00418745 ,0.0254669, -0.0467463, 285.408
108, 0.00403134 ,0.0254386, -0.0468458, 281.484
109, 0.00354673 ,0.0255849, -0.0476231, 282.337
110, 0.0034216 ,0.0256518, -0.0478821, 287.694
111, 0.00374507 ,0.025513, -0.047281, 289.518
112, 0.00409926 ,0.0253531, -0.046607, 285.355
113, 0.00423237 ,0.0251979, -0.0461634, 280.146
114, 0.00413546 ,0.0252212, -0.0463069, 276.974
115, 0.00406328 ,0.0254743, -0.0468853, 278.037
116, 0.00387626 ,0.0256885, -0.0475007, 282.352
117, 0.00372333 ,0.0257768, -0.0478302, 286.996
118, 0.0036995 ,0.025754, -0.0478084, 289.505
119, 0.00362413 ,0.0256654, -0.0477066, 289.485
120, 0.00363145 ,0.0255447, -0.0474579, 288.621
121, 0.00382418 ,0.025331, -0.0468378, 286.529
122, 0.00402958 ,0.0251039, -0.0461783, 281.821
123, 0.00407614 ,0.0252608, -0.0464454, 277.121
124, 0.00372769 ,0.0257693, -0.047811, 279.392
125, 0.00351967 ,0.0260033, -0.0484869, 288.972
126, 0.00379373 ,0.0257907, -0.0477876, 293.916
127, 0.00414558 ,0.0254197, -0.0466938, 289.042
128, 0.0045175 ,0.0251657, -0.0458139, 280.835
129, 0.00457363 ,0.0249067, -0.0452398, 273.916
130, 0.00437539 ,0.0249124, -0.0454493, 269.772
131, 0.0041793 ,0.0251376, -0.0460958, 271.225
132, 0.0039004 ,0.0253292, -0.046758, 276.052
133, 0.00360548 ,0.0254535, -0.0473014, 281.165
134, 0.00332757 ,0.0255575, -0.0477874, 285.444
135, 0.00310013 ,0.0256547, -0.0482092, 289.239
136, 0.00307555 ,0.0256235, -0.0481715, 292.291
137, 0.0033309 ,0.0255135, -0.047696, 291.977
138, 0.00351906 ,0.0254409, -0.0473628, 288.67
139, 0.00364153 ,0.0253035, -0.0469654, 285.878
140, 0.00360259 ,0.0250971, -0.0465916, 282.812
141, 0.0035597 ,0.0252613, -0.0469628, 280.345
142, 0.00340927 ,0.0255978, -0.0477863, 283.04
143, 0.00339398 ,0.0258112, -0.0482285, 288.996
144, 0.00364448 ,0.0258615, -0.0480786, 292.354
145, 0.00386343 ,0.0257244, -0.0475854, 291.219
146, 0.00381224 ,0.0256105, -0.0474089, 287.836
147, 0.00369783 ,0.0255576, -0.0474173, 286.263
148, 0.00354348 ,0.0255441, -0.0475448, 286.379
149, 0.00364418 ,0.0255669, -0.0474897, 287.152
150, 0.00382732 ,0.025604, -0.0473807, 286.864
151, 0.00384903 ,0.0255388, -0.0472286, 286.023
152, 0.00379496 ,0.025464, -0.0471331, 284.904
153, 0.00370308 ,0.0255849, -0.0474667, 284.414
154, 0.00344281 ,0.0257804, -0.048118, 286.985
155, 0.00346872 ,0.0258811, -0.0482934, 291.567
156, 0.00357077 ,0.0257124, -0.047854, 292.875
157, 0.00376839 ,0.0254231, -0.0470777, 289.572
158, 0.00396183 ,0.025235, -0.0465082, 283.78
159, 0.00382998 ,0.0252263, -0.0466226, 279.658
160, 0.00382073 ,0.0253401, -0.0468595, 280.238
161, 0.00398112 ,0.0253012, -0.0466214, 281.767
162, 0.00427853 ,0.0251494, -0.0460202, 279.905
163, 0.00437675 ,0.0251039, -0.0458311, 275.652
164, 0.00419641 ,0.0251772, -0.046158, 274.219
165, 0.00409894 ,0.0253429, -0.0465868, 276.508
166, 0.00386654 ,0.0254849, -0.0471032, 279.875
167, 0.00367533 ,0.0256465, -0.0476176, 283.914
168, 0.00371776 ,0.0257345, -0.0477513, 287.654
169, 0.00369231 ,0.0257383, -0.0477843, 288.948
170, 0.00368805 ,0.0257181, -0.0477481, 289.18
171, 0.00390209 ,0.0257435, -0.047585, 288.943
172, 0.00416316 ,0.0255285, -0.0468939, 287.369
173, 0.00413913 ,0.0253864, -0.0466336, 282.353
174, 0.00382136 ,0.0255895, -0.0473577, 280.757
175, 0.00365424 ,0.0257733, -0.0478923, 285.772
176, 0.00361273 ,0.0258706, -0.0481286, 289.938
177, 0.00366836 ,0.0258977, -0.048127, 291.786
178, 0.00352686 ,0.0258398, -0.0481526, 291.967
179, 0.00356126 ,0.0257266, -0.047892, 291.927
180, 0.00378567 ,0.0255904, -0.0473951, 289.97
181, 0.00393004 ,0.0254676, -0.0470051, 286.254
182, 0.00388441 ,0.0255293, -0.0471741, 283.498
183, 0.00387735 ,0.0256317, -0.0473861, 284.5
184, 0.00401518 ,0.0255163, -0.0470174, 285.778
185, 0.00411243 ,0.0253204, -0.0465284, 283.128
186, 0.00387551 ,0.0253079, -0.0467404, 279.789
187, 0.0034693 ,0.0254205, -0.0473717, 281.248
188, 0.00333853 ,0.0255941, -0.0478498, 285.885
189, 0.00338525 ,0.0257792, -0.0481732, 289.681
190, 0.00342373 ,0.0258348, -0.0482458, 292.155
191, 0.00348412 ,0.0257076, -0.047931, 292.634
192, 0.00352213 ,0.0254594, -0.0473967, 290.279
193, 0.003758 ,0.0252971, -0.0468362, 286.205
194, 0.00404293 ,0.025299, -0.046555, 281.96
195, 0.00414794 ,0.0254875, -0.046827, 279.881
196, 0.00390846 ,0.0256805, -0.0474526, 281.88
197, 0.00356369 ,0.0257373, -0.047911, 286.436
198, 0.00325134 ,0.0257863, -0.0483213, 290.142
199, 0.00315729 ,0.0258772, -0.0485971, 293.297
200, 0.00322435 ,0.0259093, -0.0485942, 295.392
201, 0.00344022 ,0.0258564, -0.0482725, 295.388
202, 0.00367729 ,0.0256927, -0.0477081, 292.777
203, 0.00369362 ,0.0256915, -0.0476895, 288.955
204, 0.00377674 ,0.0258292, -0.0478816, 288.611
205, 0.00381449 ,0.0258842, -0.0479539, 289.944
206, 0.00383371 ,0.0259799, -0.0481262, 290.64
207, 0.0037146 ,0.0261285, -0.0485425, 292.1
208, 0.0035811 ,0.0261128, -0.0486444, 295
209, 0.00350396 ,0.0259041, -0.0483042, 295.72
210, 0.00338351 ,0.0256894, -0.0479953, 293.344
211, 0.00343723 ,0.0256129, -0.0477886, 290.943
212, 0.0035971 ,0.0255609, -0.0475246, 289.176
213, 0.00364204 ,0.0255206, -0.0473992, 287.273
214, 0.0035828 ,0.0254988, -0.0474148, 286.277
215, 0.00362096 ,0.0255826, -0.0475443, 286.463
216, 0.00364683 ,0.0255596, -0.0474724, 287.312
217, 0.00375568 ,0.0254052, -0.0470546, 286.691
218, 0.00391662 ,0.0251062, -0.0462958, 283.439
219, 0.0039911 ,0.0247556, -0.04552, 277.635
220, 0.00383132 ,0.0247981, -0.0457648, 272.078
221, 0.00360795 ,0.0252896, -0.0469712, 274.028
222, 0.00342929 ,0.0256164, -0.0478034, 282.698
223, 0.00331326 ,0.025673, -0.0480327, 289.209
224, 0.00362141 ,0.0256444, -0.0476674, 290.976
225, 0.00400928 ,0.0256357, -0.0472621, 288.445
226, 0.00413078 ,0.0256679, -0.047205, 285.477
227, 0.00397357 ,0.0257178, -0.047462, 284.969
228, 0.00368896 ,0.0257629, -0.0478368, 286.908
229, 0.00348074 ,0.025677, -0.0478732, 289.548
230, 0.0035103 ,0.0255236, -0.0475368, 289.863
231, 0.0038244 ,0.0253358, -0.0468472, 287.242
232, 0.0041417 ,0.0250529, -0.0459642, 281.901
233, 0.00435997 ,0.0248984, -0.0454369, 275.307
234, 0.00438205 ,0.0249772, -0.0455723, 271.323
235, 0.00415287 ,0.025258, -0.0463631, 272.382
236, 0.00381956 ,0.0256259, -0.0474322, 278.346
237, 0.00362399 ,0.0259252, -0.0482263, 286.356
238, 0.00362378 ,0.0261566, -0.0486894, 292.554
239, 0.0036339 ,0.0261781, -0.0487223, 296.095
240, 0.0038019 ,0.0260531, -0.0483042, 296.328
241, 0.00396675 ,0.0258265, -0.0476863, 293.2
242, 0.00411762 ,0.0256264, -0.0471353, 288.576
243, 0.00406138 ,0.025428, -0.0467947, 284.404
244, 0.00394298 ,0.0251696, -0.0463962, 281.605
245, 0.00424698 ,0.0250637, -0.0458804, 278.397
246, 0.00452712 ,0.0251537, -0.0457802, 274.708
247, 0.00455509 ,0.025379, -0.0462029, 273.94
248, 0.00435711 ,0.0255863, -0.0468154, 277.075
249, 0.0041975 ,0.0256922, -0.0471868, 281.522
250, 0.00392716 ,0.0258105, -0.0476939, 284.747
251, 0.00363092 ,0.0257622, -0.0478935, 288.392
252, 0.00353328 ,0.0255729, -0.0476125, 289.836
253, 0.00347187 ,0.0255735, -0.0476752, 288.143
254, 0.00324846 ,0.0257944, -0.0483403, 288.788
255, 0.00304952 ,0.0259294, -0.0488092, 293.443
256, 0.00284634 ,0.0258823, -0.0489183, 297.056
257, 0.00279942 ,0.0258682, -0.048937, 298.099
258, 0.0029153 ,0.0258536, -0.0487918, 298.146
259, 0.00309683 ,0.0258903, -0.0486837, 297.2
260, 0.00347196 ,0.0258653, -0.0482586, 296.113
261, 0.004041 ,0.02573, -0.047419, 292.658
262, 0.00419564 ,0.0256982, -0.0472008, 286.678
263, 0.00398899 ,0.0258078, -0.0476265, 284.987
264, 0.00388819 ,0.0257779, -0.0476676, 287.776
265, 0.00400289 ,0.0256293, -0.0472557, 288.15
266, 0.00409708 ,0.0255434, -0.0469898, 285.273
267, 0.00390969 ,0.0256204, -0.0473311, 283.386
268, 0.00363351 ,0.0259276, -0.0482218, 285.964
269, 0.00335097 ,0.0263145, -0.0492781, 292.745
270, 0.00334759 ,0.0265859, -0.0498243, 300.595
271, 0.00351334 ,0.0266631, -0.0498129, 304.846
272, 0.00367156 ,0.0266056, -0.0495396, 305.01
273, 0.00382603 ,0.0263042, -0.0487824, 302.62
274, 0.00381312 ,0.0260048, -0.0481965, 297.171
275, 0.00385546 ,0.0259277, -0.048, 292.692
276, 0.00400497 ,0.0259251, -0.0478453, 290.953
277, 0.00406976 ,0.0258612, -0.0476527, 289.765
278, 0.00398066 ,0.0257409, -0.0475012, 288.274
279, 0.00383964 ,0.0257552, -0.0476708, 287.263
280, 0.00378294 ,0.0259001, -0.0480173, 288.474
281, 0.0038051 ,0.0260651, -0.048325, 291.046
282, 0.00374175 ,0.0260471, -0.0483525, 293.241
283, 0.00365221 ,0.0259901, -0.0483279, 293.633
284, 0.00364672 ,0.0260797, -0.0485127, 293.617
285, 0.00370473 ,0.0261554, -0.0486061, 294.852
286, 0.00386888 ,0.0261465, -0.0484241, 295.501
287, 0.00410761 ,0.0260803, -0.048053, 294.143
288, 0.00420921 ,0.0259129, -0.0476166, 291.36
289, 0.0042958 ,0.0256727, -0.0470496, 287.851
290, 0.004088 ,0.0256154, -0.0471429, 283.937
291, 0.0036661 ,0.0257883, -0.0479106, 284.694
292, 0.00347248 ,0.0257857, -0.0480989, 289.936
293, 0.00363962 ,0.0254946, -0.0473496, 291.11
294, 0.00394015 ,0.0251224, -0.0463046, 285.566
295, 0.00390499 ,0.0249368, -0.0459685, 278.189
296, 0.00384427 ,0.0247932, -0.0457422, 274.989
297, 0.00376833 ,0.0247979, -0.0458274, 273.476
298, 0.00345575 ,0.025082, -0.0467082, 274.44
299, 0.0031683 ,0.025512, -0.0478556, 281.035
300, 0.00312195 ,0.0256899, -0.0482578, 289.434
301, 0.00325307 ,0.0254867, -0.0477202, 292.453
302, 0.00339387 ,0.0252347, -0.0470755, 288.758
303, 0.00351189 ,0.0251416, -0.0467713, 283.9
304, 0.00362876 ,0.0253396, -0.0470505, 281.723
305, 0.00374829 ,0.0254461, -0.0471439, 283.354
306, 0.00374959 ,0.0254189, -0.0470881, 284.19
307, 0.00360978 ,0.0255254, -0.0474411, 284.044
308, 0.00348944 ,0.0257659, -0.0480424, 286.721
309, 0.00345931 ,0.0258292, -0.0481992, 290.968
310, 0.0035382 ,0.0258059, -0.0480736, 292.347
311, 0.00361835 ,0.0258332, -0.048048, 291.539
312, 0.0033938 ,0.025814, -0.0482342, 291.421
313, 0.00314112 ,0.0256867, -0.0482322, 292.606
314, 0.00322665 ,0.0256127, -0.0479987, 292.606
315, 0.00324213 ,0.02558, -0.0479178, 291.052
316, 0.00336358 ,0.025713, -0.0480623, 290.435
317, 0.00352591 ,0.0258944, -0.0482629, 291.461
318, 0.00368156 ,0.0259832, -0.0482848, 292.862
319, 0.00377038 ,0.025894, -0.0480176, 292.982
320, 0.00383439 ,0.0257587, -0.0476829, 290.964
321, 0.00360556 ,0.0255269, -0.0474482, 288.507
322, 0.00346979 ,0.0253217, -0.0471735, 286.592
323, 0.00338365 ,0.0253009, -0.0472182, 284.74
324, 0.00340914 ,0.0253885, -0.0473678, 284.923
325, 0.00338281 ,0.0255453, -0.0477079, 286.216
326, 0.003266 ,0.0257349, -0.0482037, 288.879
327, 0.00323596 ,0.0258384, -0.0484409, 292.508
328, 0.0033865 ,0.0257475, -0.0481085, 294.199
329, 0.00364634 ,0.0254075, -0.0471686, 291.598
330, 0.00410675 ,0.0249951, -0.0458835, 284.342
331, 0.00419843 ,0.0248521, -0.0455058, 274.943
332, 0.00378021 ,0.0251128, -0.0464454, 272.309
333, 0.00353184 ,0.0252076, -0.0468834, 278.518
334, 0.00378829 ,0.0250972, -0.046406, 281.687
335, 0.00406269 ,0.025119, -0.0461752, 278.771
336, 0.00417992 ,0.0252134, -0.0462469, 276.873
337, 0.00399865 ,0.0252336, -0.0464685, 277.46
338, 0.00406549 ,0.0253147, -0.046564, 278.983
339, 0.00424262 ,0.02554, -0.0468373, 279.987
340, 0.00412047 ,0.0255645, -0.0470086, 281.937
341, 0.00413559 ,0.0254441, -0.0467526, 283.097
342, 0.00417432 ,0.0252393, -0.0463044, 281.23
343, 0.00417404 ,0.0251466, -0.0461191, 277.972
344, 0.004264 ,0.025297, -0.04633, 276.571
345, 0.00431092 ,0.0254944, -0.0466778, 278.058
346, 0.00419418 ,0.0256514, -0.0471087, 280.742
347, 0.00398316 ,0.0258001, -0.0476171, 284.139
348, 0.00400688 ,0.0258775, -0.0477481, 287.836
349, 0.00400613 ,0.0257579, -0.0475096, 288.836
350, 0.00403286 ,0.0255631, -0.0470934, 287.047
351, 0.00404577 ,0.025395, -0.0467442, 283.898
352, 0.00411447 ,0.0253472, -0.04658, 281.251
353, 0.00419477 ,0.0252572, -0.0463195, 279.875
354, 0.00421184 ,0.0251227, -0.0460337, 277.849
355, 0.00402513 ,0.0252337, -0.0464423, 276.139
356, 0.00382596 ,0.0255111, -0.0471963, 279.095
357, 0.00381165 ,0.0256183, -0.047425, 284.537
358, 0.00408634 ,0.0255028, -0.0469193, 286.219
359, 0.00432161 ,0.025232, -0.0461424, 282.51
360, 0.00439172 ,0.0250094, -0.045627, 276.603
361, 0.00429442 ,0.0249402, -0.0455859, 272.742
362, 0.00433159 ,0.024908, -0.0454843, 272.053
363, 0.00449599 ,0.0249592, -0.0454223, 271.35
364, 0.00443398 ,0.0251799, -0.0459258, 271.206
365, 0.00415087 ,0.0253667, -0.0465826, 274.846
366, 0.00391688 ,0.0253394, -0.0467618, 279.651
367, 0.00388757 ,0.0252197, -0.0465518, 281.172
368, 0.00395874 ,0.0250031, -0.0460474, 279.518
369, 0.00407804 ,0.0249494, -0.0458208, 275.879
370, 0.00389544 ,0.0250849, -0.0462744, 274.364
371, 0.00385572 ,0.02521, -0.0465644, 277.382
372, 0.00410122 ,0.0251987, -0.0462961, 279.37
373, 0.00398863 ,0.0252925, -0.0465964, 277.985
374, 0.00381762 ,0.0254333, -0.047049, 279.907
375, 0.00386663 ,0.0256958, -0.047525, 283.423
376, 0.00386371 ,0.0260125, -0.0481612, 287.233
377, 0.00363616 ,0.0261533, -0.0486704, 292.118
378, 0.00353625 ,0.0260994, -0.0486626, 295.911
379, 0.00370123 ,0.025842, -0.0479828, 295.748
380, 0.00375529 ,0.0257073, -0.0476592, 291.082
381, 0.00373707 ,0.0258801, -0.0480232, 288.74
382, 0.00369177 ,0.0259569, -0.0482221, 290.985
383, 0.00370025 ,0.0259871, -0.0482739, 292.525
384, 0.00371727 ,0.0262093, -0.0487013, 293.283
385, 0.00372902 ,0.0264256, -0.0491221, 296.407
386, 0.00377367 ,0.0263559, -0.0489381, 299.369
387, 0.00372396 ,0.025994, -0.048264, 298.05
388, 0.00375587 ,0.025666, -0.0475762, 293.035
389, 0.00393608 ,0.0257036, -0.0474711, 287.95
390, 0.00382271 ,0.0259892, -0.0481557, 287.324
391, 0.00367534 ,0.0260688, -0.0484623, 291.889
392, 0.00365361 ,0.0259338, -0.048214, 294.252
393, 0.00376092 ,0.0257427, -0.0477245, 292.519
394, 0.00385618 ,0.0254195, -0.0469827, 288.652
395, 0.00386941 ,0.0251577, -0.0464459, 283.115
396, 0.00377695 ,0.0251461, -0.0465153, 279.183
397, 0.00366469 ,0.0251406, -0.0466165, 279.337
398, 0.00371578 ,0.0251321, -0.0465484, 280.002
399, 0.00387297 ,0.0253864, -0.0468999, 279.925
400, 0.00371601 ,0.0255064, -0.0472968, 282.361
401, 0.00347835 ,0.0255118, -0.0475452, 285.372
402, 0.00325621 ,0.0255957, -0.0479351, 287.457
403, 0.00308749 ,0.0258121, -0.0485368, 290.562
404, 0.00311768 ,0.0259141, -0.0487106, 294.88
405, 0.00340814 ,0.0257843, -0.0481605, 296.081
406, 0.0037025 ,0.0256038, -0.0475052, 292.114
407, 0.00371644 ,0.0255539, -0.0473913, 287.398
408, 0.00368335 ,0.025561, -0.0474387, 286.21
409, 0.00371381 ,0.0255473, -0.0473807, 286.475
410, 0.00363852 ,0.0254757, -0.0473129, 286.187
411, 0.00353759 ,0.0253444, -0.0471513, 285.616
412, 0.00385408 ,0.0252329, -0.0466117, 284.217
413, 0.0042317 ,0.0249342, -0.0456367, 279.806
414, 0.00436972 ,0.0249744, -0.045579, 272.985
415, 0.00425194 ,0.0252063, -0.0461608, 272.342
416, 0.00429622 ,0.0250973, -0.0458983, 275.978
417, 0.00452248 ,0.0250799, -0.0456373, 274.58
418, 0.00452647 ,0.0252427, -0.045959, 272.853
419, 0.0042932 ,0.0252275, -0.0461618, 274.956
420, 0.00430108 ,0.0250707, -0.0458403, 276.294
421, 0.00452443 ,0.0250534, -0.0455823, 274.121
422, 0.0046509 ,0.0252055, -0.0457601, 272.32
423, 0.00440691 ,0.0253929, -0.046379, 273.694
424, 0.00397143 ,0.0256456, -0.0473197, 278.544
425, 0.00382634 ,0.0257879, -0.0477495, 285.392
426, 0.00402208 ,0.0257301, -0.0474381, 288.611
427, 0.00418782 ,0.0255093, -0.0468309, 286.429
428, 0.00450199 ,0.0251045, -0.0457071, 281.397
429, 0.00441476 ,0.0247734, -0.045132, 273.238
430, 0.00412432 ,0.0248984, -0.0456725, 269.105
431, 0.00389292 ,0.0249982, -0.0461034, 272.573
432, 0.00376796 ,0.0251194, -0.0464708, 276.063
433, 0.00351472 ,0.025336, -0.0471572, 279.228
434, 0.00343748 ,0.0254973, -0.0475571, 284.222
435, 0.00362799 ,0.0254547, -0.0472815, 287.122
436, 0.00382973 ,0.0253954, -0.0469612, 285.314
437, 0.00386653 ,0.025515, -0.0471634, 283.179
438, 0.00373561 ,0.0255182, -0.0473009, 284.347
439, 0.00368899 ,0.0254942, -0.0472994, 285.453
440, 0.0036371 ,0.0255091, -0.0473812, 285.583
441, 0.00367216 ,0.0255843, -0.0474965, 286.191
442, 0.00371989 ,0.0256329, -0.0475458, 287.059
443, 0.00385072 ,0.0256199, -0.0473891, 287.329
444, 0.00395036 ,0.0255839, -0.0472175, 286.219
445, 0.003933 ,0.0255346, -0.0471362, 284.863
446, 0.00383025 ,0.0255775, -0.0473248, 284.395
447, 0.00380328 ,0.0256693, -0.0475354, 285.717
448, 0.00391889 ,0.0255837, -0.0472484, 287.042
449, 0.00405783 ,0.0252398, -0.0464218, 284.694
450, 0.00406311 ,0.0250385, -0.0460139, 278.749
451, 0.00375353 ,0.0251495, -0.0465455, 275.88
452, 0.00347741 ,0.0253348, -0.0471922, 279.523
453, 0.00347272 ,0.0255044, -0.0475361, 284.477
454, 0.00367111 ,0.0255106, -0.04735, 287.073
455, 0.00391565 ,0.0252743, -0.046633, 285.585
456, 0.00407089 ,0.0250926, -0.0461144, 280.411
457, 0.00397158 ,0.0251409, -0.0463103, 276.576
458, 0.00378832 ,0.0253566, -0.0469249, 278.03
459, 0.00388421 ,0.025394, -0.0469037, 282.158
460, 0.00423995 ,0.025437, -0.0466341, 282.336
461, 0.00444744 ,0.0255035, -0.0465596, 280.439
462, 0.00427003 ,0.0255504, -0.0468308, 279.931
463, 0.00398087 ,0.0256594, -0.0473378, 282.068
464, 0.00394986 ,0.0255441, -0.0471384, 285.417
465, 0.00411751 ,0.0252202, -0.0463229, 283.953
466, 0.00433832 ,0.0251055, -0.0458726, 278.112
467, 0.00449487 ,0.0251033, -0.0457118, 274.514
468, 0.00457445 ,0.0251404, -0.0457063, 273.107
469, 0.00409977 ,0.0254036, -0.0467075, 273.677
470, 0.00363995 ,0.0255821, -0.0475243, 280.594
471, 0.00347197 ,0.0255789, -0.0476857, 286.84
472, 0.0034774 ,0.0255091, -0.0475407, 288.296
473, 0.00362201 ,0.0255463, -0.0474706, 287.413
474, 0.00355499 ,0.025485, -0.0474149, 286.847
475, 0.00340011 ,0.0253032, -0.0472064, 286.335
476, 0.00344658 ,0.0251329, -0.0468192, 284.714
477, 0.00366876 ,0.0250839, -0.0464991, 281.796
478, 0.00379124 ,0.0251779, -0.0465646, 279.506
479, 0.00384702 ,0.0252514, -0.0466558, 279.764
480, 0.0039368 ,0.0252979, -0.046659, 280.371
481, 0.00385342 ,0.0254537, -0.0470539, 280.719
482, 0.00380322 ,0.0256524, -0.0475015, 283.57
483, 0.00384685 ,0.0257296, -0.0476124, 286.781
484, 0.00368323 ,0.0259148, -0.0481464, 288.162
485, 0.00357995 ,0.0261832, -0.0487865, 292.089
486, 0.00348495 ,0.0262225, -0.0489601, 296.746
487, 0.00352566 ,0.0260084, -0.0484912, 297.975
488, 0.00381349 ,0.0257559, -0.0476983, 294.535
489, 0.00395686 ,0.0256007, -0.0472445, 288.687
490, 0.00378568 ,0.0255477, -0.0473097, 285.24
491, 0.00351388 ,0.0254301, -0.0473463, 285.439
492, 0.00359747 ,0.0252615, -0.0469256, 285.54
493, 0.00406744 ,0.0252105, -0.0463536, 282.348
494, 0.00416996 ,0.0253638, -0.0465576, 278.463
495, 0.00381615 ,0.0255792, -0.0473422, 279.893
496, 0.00356461 ,0.0257611, -0.0479576, 285.639
497, 0.00350089 ,0.0258289, -0.0481569, 290.31
498, 0.00349297 ,0.0257458, -0.0479985, 291.925
499, 0.00364364 ,0.0255929, -0.0475421, 290.708
500, 0.00372882 ,0.0255031, -0.0472775, 287.483
501, 0.00371558 ,0.0254598, -0.047204, 285.355
502, 0.00389439 ,0.0253958, -0.0468973, 284.502
503, 0.00401199 ,0.0252429, -0.0464738, 282.204
504, 0.00382285 ,0.025188, -0.046553, 279.209
505, 0.00361795 ,0.0254244, -0.0472309, 279.9
506, 0.00353631 ,0.0256733, -0.0478103, 284.803
507, 0.00362307 ,0.0258321, -0.0480412, 289.223
508, 0.00366187 ,0.0259035, -0.0481451, 291.225
509, 0.00375969 ,0.0258309, -0.0479022, 291.872
510, 0.00395376 ,0.0256743, -0.0473947, 290.034
511, 0.0041352 ,0.0255535, -0.0469718, 286.251
512, 0.0043455 ,0.0255438, -0.0467421, 282.969
513, 0.00440589 ,0.0255854, -0.0467648, 281.168
514, 0.00445814 ,0.0256746, -0.0468911, 281.238
515, 0.0042994 ,0.0256811, -0.0470627, 282.131
516, 0.00423581 ,0.0257513, -0.0472667, 283.468
517, 0.00429593 ,0.0258446, -0.0473933, 285.011
518, 0.00402588 ,0.0258027, -0.0475795, 286.068
519, 0.00380355 ,0.0258053, -0.047807, 287.542
520, 0.00384596 ,0.0257463, -0.0476467, 289.059
521, 0.00415432 ,0.0257256, -0.0472968, 287.91
522, 0.00418175 ,0.0258599, -0.047538, 285.708
523, 0.00394482 ,0.0260309, -0.048117, 287.414
524, 0.00375935 ,0.0259521, -0.0481449, 291.505
525, 0.00400333 ,0.0255002, -0.0469971, 291.263
526, 0.00427755 ,0.0250608, -0.0458441, 283.051
527, 0.00418273 ,0.0248556, -0.0455284, 274.454
528, 0.00413841 ,0.0250231, -0.0459077, 271.908
529, 0.00411659 ,0.0254838, -0.0468511, 274.797
530, 0.00396582 ,0.0258657, -0.0477656, 281.867
531, 0.00388361 ,0.0258579, -0.0478322, 288.554
532, 0.00377125 ,0.0256285, -0.0474857, 289.406
533, 0.00375613 ,0.0253932, -0.0470302, 286.781
534, 0.00376114 ,0.0252888, -0.0468165, 283.517
535, 0.00378329 ,0.0250705, -0.0463577, 281.462
536, 0.00396557 ,0.0249636, -0.0459617, 278.147
537, 0.00395554 ,0.025106, -0.0462564, 275.48
538, 0.00390304 ,0.0253301, -0.0467571, 277.449
539, 0.00393033 ,0.0254108, -0.0468913, 281.106
540, 0.00418646 ,0.0253422, -0.0464979, 282.081
541, 0.00434237 ,0.0252137, -0.0460851, 279.325
542, 0.00439153 ,0.0253739, -0.0463563, 276.474
543, 0.00425979 ,0.0258283, -0.0473969, 278.657
544, 0.00403482 ,0.026129, -0.0482232, 286.172
545, 0.00394802 ,0.0261883, -0.0484285, 292.382
546, 0.00385742 ,0.0262033, -0.0485493, 294.346
547, 0.00376816 ,0.0261966, -0.0486251, 295.278
548, 0.00383439 ,0.0261303, -0.0484261, 295.686
549, 0.00399832 ,0.0259503, -0.0479024, 294.152
550, 0.00420448 ,0.025591, -0.0469775, 289.93
551, 0.00429008 ,0.0252816, -0.0462732, 283.109
552, 0.00431471 ,0.0252687, -0.0462227, 277.772
553, 0.00412906 ,0.0254811, -0.0468331, 277.458
554, 0.00398179 ,0.0256153, -0.0472488, 281.721
555, 0.00394854 ,0.0255683, -0.0471881, 284.902
556, 0.00408562 ,0.0254267, -0.0467678, 284.503
557, 0.00428641 ,0.0253303, -0.0463742, 281.335
558, 0.00422631 ,0.0255093, -0.0467922, 278.768
559, 0.00391145 ,0.025758, -0.0476046, 281.715
560, 0.00359044 ,0.0259376, -0.0482848, 287.787
561, 0.00344146 ,0.0260403, -0.0486392, 293.002
562, 0.0034359 ,0.0260149, -0.048594, 295.677
563, 0.00348772 ,0.0258704, -0.0482532, 295.36
564, 0.00353946 ,0.0256878, -0.0478361, 292.825
565, 0.00371821 ,0.025615, -0.0475117, 289.676
566, 0.00379424 ,0.0255264, -0.0472586, 287.123
567, 0.00370599 ,0.0254536, -0.0472012, 285.246
568, 0.00354146 ,0.0254192, -0.0472969, 284.777
569, 0.00345021 ,0.0255112, -0.0475723, 285.513
570, 0.00339221 ,0.0257021, -0.0480119, 287.712
571, 0.00355764 ,0.0257713, -0.0479849, 290.708
572, 0.00377953 ,0.0256986, -0.0476178, 290.622
573, 0.0038712 ,0.0257217, -0.0475722, 288.088
574, 0.00365071 ,0.0259478, -0.0482449, 287.989
575, 0.00351053 ,0.0260778, -0.048645, 292.668
576, 0.00388535 ,0.0258765, -0.0478676, 295.29
577, 0.00436781 ,0.025409, -0.0464501, 289.514
578, 0.00453148 ,0.0251549, -0.0457784, 279.245
579, 0.00414358 ,0.0251928, -0.0462419, 274.221
580, 0.00353379 ,0.0253421, -0.0471504, 277.408
581, 0.00298095 ,0.0255463, -0.0481116, 284.371
582, 0.00290234 ,0.0256795, -0.0484567, 291.515
583, 0.00318 ,0.0255478, -0.0479156, 294.059
584, 0.00357366 ,0.025436, -0.0472984, 290.268
585, 0.00380256 ,0.0254677, -0.0471328, 285.762
586, 0.00402885 ,0.0254166, -0.0468043, 284.055
587, 0.00403786 ,0.0252794, -0.0465209, 281.665
588, 0.0037869 ,0.0251849, -0.0465829, 279.647
589, 0.00372815 ,0.0252116, -0.046695, 279.967
590, 0.00372169 ,0.025264, -0.0468063, 280.853
591, 0.00385166 ,0.0253659, -0.0468801, 281.654
592, 0.00370964 ,0.025442, -0.0471744, 282.365
593, 0.00329167 ,0.0255313, -0.0477709, 284.705
594, 0.00302146 ,0.0256174, -0.0482134, 289.022
595, 0.00267493 ,0.0256149, -0.0485548, 292.552
596, 0.00218323 ,0.0255915, -0.0489998, 295.334
597, 0.00211179 ,0.0256674, -0.049223, 298.635
598, 0.00266156 ,0.0257988, -0.048936, 300.202
599, 0.00320406 ,0.0259322, -0.0486604, 298.365
600, 0.00349317 ,0.025848, -0.0482028, 295.983
601, 0.00362831 ,0.025671, -0.0477137, 292.519
602, 0.0035733 ,0.0255308, -0.0474883, 288.879
603, 0.00339729 ,0.0253209, -0.0472445, 286.919
604, 0.00357203 ,0.0250405, -0.0465089, 284.673
605, 0.00390796 ,0.0247969, -0.0456859, 279.165
606, 0.00401782 ,0.0248252, -0.0456325, 273.152
607, 0.00368786 ,0.0252149, -0.046742, 273.009
608, 0.0034417 ,0.025585, -0.0477283, 280.867
609, 0.00346995 ,0.0257722, -0.0480744, 288.368
610, 0.00347508 ,0.0258594, -0.0482437, 291.46
611, 0.00351877 ,0.0257475, -0.0479762, 292.587
612, 0.00378857 ,0.0256116, -0.0474346, 290.637
613, 0.00401045 ,0.0254596, -0.0469088, 286.553
614, 0.00399951 ,0.0252972, -0.0465949, 282.527
615, 0.00389848 ,0.0252643, -0.0466302, 280.124
616, 0.00390862 ,0.0254001, -0.0468917, 280.323
617, 0.00395573 ,0.025483, -0.0470103, 282.065
618, 0.00386379 ,0.0255919, -0.0473199, 283.292
619, 0.00367545 ,0.0255703, -0.0474651, 285.48
620, 0.00370158 ,0.0255279, -0.0473542, 286.632
621, 0.00373233 ,0.0255296, -0.0473268, 286.034
622, 0.0036495 ,0.0254961, -0.0473426, 285.763
623, 0.00354022 ,0.0255291, -0.047518, 285.968
624, 0.00351673 ,0.0255366, -0.0475565, 287.123
625, 0.00351453 ,0.0254281, -0.0473416, 287.384
626, 0.00354503 ,0.0252143, -0.0468836, 285.691
627, 0.00360361 ,0.0250799, -0.0465562, 282.329
628, 0.00357727 ,0.0250488, -0.0465204, 279.821
629, 0.00360542 ,0.0250975, -0.0465895, 279.467
630, 0.00365943 ,0.0250293, -0.0463991, 279.755
631, 0.00370455 ,0.0249643, -0.0462241, 278.432
632, 0.0035379 ,0.0250315, -0.0465251, 277.283
633, 0.00359033 ,0.0253726, -0.0471548, 279.586
634, 0.00347597 ,0.0256365, -0.0477969, 284.34
635, 0.0032979 ,0.0258111, -0.0483243, 289.294
636, 0.0032381 ,0.0259133, -0.0485886, 293.348
637, 0.00339194 ,0.0258945, -0.048397, 295.317
638, 0.00350237 ,0.0256188, -0.0477352, 293.781
639, 0.0035155 ,0.0253773, -0.0472392, 289.044
640, 0.00350657 ,0.0251984, -0.0468902, 285.097
641, 0.00375804 ,0.0250685, -0.046379, 282.213
642, 0.0040242 ,0.0249543, -0.0458844, 278.355
643, 0.00416347 ,0.0250104, -0.0458572, 274.765
644, 0.00395306 ,0.0251199, -0.0462867, 274.519
645, 0.00364134 ,0.0252434, -0.0468454, 277.632
646, 0.00339864 ,0.0254441, -0.0474896, 282.008
647, 0.00325024 ,0.025495, -0.0477397, 286.731
648, 0.00331534 ,0.0253496, -0.0473838, 288.567
649, 0.00346678 ,0.025207, -0.0469472, 286.058
650, 0.00358072 ,0.025294, -0.0470072, 282.959
651, 0.00358351 ,0.0254856, -0.0473876, 283.347
652, 0.00362717 ,0.0254851, -0.047343, 285.83
653, 0.00368325 ,0.025467, -0.0472508, 285.797
654, 0.00370458 ,0.0254786, -0.0472527, 285.127
655, 0.00386262 ,0.0255033, -0.0471439, 284.993
656, 0.00390444 ,0.0255355, -0.0471665, 284.356
657, 0.0039529 ,0.0255095, -0.0470661, 284.336
658, 0.00402024 ,0.025308, -0.0465957, 283.457
659, 0.0042902 ,0.0251038, -0.0459174, 279.877
660, 0.00429435 ,0.025067, -0.0458396, 275.08
661, 0.00401524 ,0.0253007, -0.0465861, 274.552
662, 0.00370967 ,0.0255844, -0.0474591, 279.981
663, 0.00358159 ,0.0257446, -0.0479076, 286.606
664, 0.00379457 ,0.0256856, -0.0475766, 289.874
665, 0.0040131 ,0.0253988, -0.0467845, 287.447
666, 0.00414408 ,0.0252399, -0.0463356, 281.726
667, 0.00416418 ,0.0252945, -0.0464248, 278.313
668, 0.00414031 ,0.025412, -0.0466837, 278.783
669, 0.00409351 ,0.0255093, -0.0469251, 280.686
670, 0.0041943 ,0.0255492, -0.0469041, 282.368
671, 0.00426539 ,0.0255847, -0.0469039, 282.192
672, 0.00382589 ,0.0257253, -0.0476246, 282.775
673, 0.0036121 ,0.0257656, -0.047919, 287.645
674, 0.0038047 ,0.0256941, -0.0475835, 289.932
675, 0.00415329 ,0.0256205, -0.0470877, 287.618
676, 0.00441757 ,0.0255919, -0.0467662, 283.925
677, 0.00452873 ,0.0256146, -0.0467004, 281.482
678, 0.00441169 ,0.0254961, -0.0465804, 280.799
679, 0.00429329 ,0.025204, -0.0461146, 279.602
680, 0.00419658 ,0.0251459, -0.0460953, 276.495
681, 0.0040847 ,0.0252994, -0.0465141, 276.233
682, 0.0039384 ,0.0255948, -0.0472511, 279.479
683, 0.00359406 ,0.0258881, -0.0481822, 285.202
684, 0.00347613 ,0.0259991, -0.0485221, 291.992
685, 0.00353513 ,0.0257746, -0.0480141, 294.495
686, 0.00375953 ,0.0255893, -0.0474191, 290.984
687, 0.00401828 ,0.0256582, -0.0472982, 286.654
688, 0.00394348 ,0.0257003, -0.047457, 285.595
689, 0.00371082 ,0.0256995, -0.0476882, 286.719
690, 0.00347074 ,0.0257174, -0.047964, 288.512
691, 0.00335624 ,0.0257571, -0.048158, 290.623
692, 0.00346338 ,0.025759, -0.0480546, 292.024
693, 0.00356271 ,0.0256302, -0.0476977, 291.258
694, 0.00364342 ,0.0255138, -0.0473841, 288.63
695, 0.00364955 ,0.0255551, -0.0474606, 286.298
696, 0.00351042 ,0.025789, -0.0480676, 287.012
697, 0.00358141 ,0.0260368, -0.0484922, 291.31
698, 0.00372273 ,0.0260462, -0.0483698, 294.415
699, 0.00392227 ,0.0259013, -0.0478802, 293.594
700, 0.00401301 ,0.0256884, -0.0473638, 289.889
701, 0.00383834 ,0.0254859, -0.0471335, 286.145
702, 0.00379333 ,0.0252858, -0.0467782, 283.942
703, 0.00368997 ,0.0253657, -0.0470414, 281.801
704, 0.00383964 ,0.0254048, -0.04697, 283.203
705, 0.00416488 ,0.0253061, -0.0464473, 282.466
706, 0.00419226 ,0.0253066, -0.0464209, 279.035
707, 0.00403268 ,0.0252961, -0.0465596, 278.64
708, 0.00390835 ,0.0254835, -0.0470586, 279.943
709, 0.00371982 ,0.0256825, -0.0476451, 283.69
710, 0.00365876 ,0.0258033, -0.0479479, 288.06
711, 0.00351218 ,0.025831, -0.0481497, 290.567
712, 0.00323197 ,0.0258157, -0.0483994, 292.206
713, 0.00300295 ,0.0258303, -0.0486576, 294.12
714, 0.0031093 ,0.0258498, -0.0485904, 295.87
715, 0.00339134 ,0.0257187, -0.0480461, 295.199
716, 0.00363432 ,0.0255155, -0.0473966, 291.137
717, 0.00371386 ,0.0253926, -0.0470714, 286.245
718, 0.00350052 ,0.0253995, -0.0472985, 283.906
719, 0.0035022 ,0.0254404, -0.0473785, 285.285
720, 0.00384724 ,0.0254371, -0.047027, 285.811
721, 0.00398842 ,0.0254826, -0.0469769, 283.542
722, 0.00390775 ,0.0255567, -0.0472057, 283.152
723, 0.00393656 ,0.0255443, -0.0471521, 284.581
724, 0.00394623 ,0.0255584, -0.0471705, 284.427
725, 0.00386698 ,0.0255783, -0.0472896, 284.581
726, 0.0036792 ,0.0255131, -0.0473469, 285.432
727, 0.00355428 ,0.0254615, -0.0473688, 285.93
728, 0.00354975 ,0.0254555, -0.0473613, 286.068
729, 0.00373858 ,0.0255525, -0.0473664, 286.086
730, 0.00392504 ,0.0254624, -0.0469998, 285.825
731, 0.00389208 ,0.0252606, -0.0466291, 283.196
732, 0.00387076 ,0.0252902, -0.0467096, 280.535
733, 0.00382346 ,0.0255749, -0.0473263, 281.174
734, 0.00364523 ,0.0259581, -0.048271, 285.885
735, 0.00354648 ,0.0262043, -0.0488622, 292.847
736, 0.00349108 ,0.0261908, -0.0488906, 297.31
737, 0.00345647 ,0.0261448, -0.0488331, 297.852
738, 0.00332504 ,0.0260356, -0.0487462, 297.377
739, 0.00331169 ,0.0260047, -0.0486977, 296.753
740, 0.00335043 ,0.0261204, -0.0488903, 296.489
741, 0.00336001 ,0.0262793, -0.0491986, 297.92
742, 0.00324798 ,0.0263093, -0.0493706, 300.223
743, 0.00318981 ,0.0263056, -0.0494214, 301.62
744, 0.00317958 ,0.0262332, -0.0492869, 302
745, 0.00326161 ,0.0260277, -0.0487939, 300.806
746, 0.00354297 ,0.0257925, -0.048042, 297.045
747, 0.00375846 ,0.0254454, -0.0471324, 291.193
748, 0.00383785 ,0.0252057, -0.0465736, 284.417
749, 0.00386816 ,0.0251279, -0.0463877, 280.031
750, 0.00406874 ,0.025127, -0.0461853, 278.312
751, 0.00401847 ,0.0250992, -0.0461799, 276.797
752, 0.00355521 ,0.0252652, -0.0469752, 277.071
753, 0.00307751 ,0.025528, -0.0479784, 282.966
754, 0.00302598 ,0.025628, -0.04823, 290.253
755, 0.00297752 ,0.0255881, -0.0481986, 292.601
756, 0.00318703 ,0.0255581, -0.0479292, 292.315
757, 0.00349455 ,0.0255598, -0.047625, 290.286
758, 0.00366218 ,0.0256395, -0.0476169, 288.16
759, 0.00368632 ,0.0256634, -0.0476405, 287.919
760, 0.00357292 ,0.0257487, -0.0479245, 288.288
761, 0.00345403 ,0.0258544, -0.0482548, 290.383
762, 0.00335737 ,0.0258429, -0.0483284, 292.786
763, 0.00337592 ,0.02582, -0.0482641, 293.377
764, 0.00344259 ,0.0257614, -0.0480802, 292.792
765, 0.00349466 ,0.0256983, -0.047902, 291.405
766, 0.00349385 ,0.0256944, -0.0478949, 290.111
767, 0.00340641 ,0.0256078, -0.0478092, 289.959
768, 0.00331808 ,0.0254201, -0.0475221, 289.222
769, 0.0031531 ,0.0253096, -0.0474661, 287.269
770, 0.00302396 ,0.0253246, -0.0476253, 286.824
771, 0.00296498 ,0.0253847, -0.0478044, 287.997
772, 0.00299791 ,0.0255052, -0.0480125, 289.425
773, 0.00318259 ,0.0256679, -0.0481532, 291.057
774, 0.00341998 ,0.0256014, -0.0477828, 291.839
775, 0.00361364 ,0.0254889, -0.0473643, 289.224
776, 0.00361971 ,0.0254388, -0.0472578, 286.164
777, 0.00349278 ,0.0253908, -0.0472887, 285.187
778, 0.00356441 ,0.0255879, -0.0476114, 285.602
779, 0.00366772 ,0.0258231, -0.0479786, 287.969
780, 0.00374333 ,0.0260071, -0.0482708, 290.799
781, 0.00378977 ,0.0260358, -0.0482819, 292.979
782, 0.00387313 ,0.0258427, -0.0478122, 292.899
783, 0.00398776 ,0.025637, -0.0472863, 289.483
784, 0.00397435 ,0.0255472, -0.0471201, 285.583
785, 0.00393264 ,0.0256923, -0.047452, 284.413
786, 0.00387668 ,0.0258358, -0.0477948, 286.647
787, 0.00378725 ,0.0259582, -0.0481291, 289.38
788, 0.00362393 ,0.0260268, -0.0484296, 291.97
789, 0.00367924 ,0.0260693, -0.0484594, 294.18
790, 0.00394854 ,0.0259713, -0.0479941, 294.243
791, 0.00402564 ,0.0257309, -0.0474361, 290.802
792, 0.00383218 ,0.0255002, -0.0471682, 286.679
793, 0.00379032 ,0.0253196, -0.046849, 284.402
794, 0.00397841 ,0.0252241, -0.0464697, 281.936
795, 0.0039906 ,0.0252567, -0.0465227, 279.311
796, 0.00380038 ,0.0254644, -0.0471284, 279.818
797, 0.00351847 ,0.025639, -0.0477595, 284.276
798, 0.00351278 ,0.0256705, -0.0478283, 288.899
799, 0.00385795 ,0.0255318, -0.0472056, 289.378
800, 0.0042182 ,0.0252323, -0.0462464, 284.706
801, 0.00440089 ,0.0250287, -0.0456564, 277.516
802, 0.00414259 ,0.0252848, -0.0464269, 273.471
803, 0.00351906 ,0.0256975, -0.0478759, 279.049
804, 0.00321334 ,0.025914, -0.0486147, 289.595
805, 0.00328719 ,0.0259251, -0.048563, 295.39
806, 0.00356721 ,0.0258594, -0.0481516, 295.248
807, 0.00396212 ,0.0256929, -0.0474237, 292.006
808, 0.00429486 ,0.0254468, -0.0465987, 286.317
809, 0.00426823 ,0.0254666, -0.046665, 280.529
810, 0.00412057 ,0.0255193, -0.0469179, 280.504
811, 0.00415356 ,0.0253767, -0.0465998, 282.157
812, 0.00415139 ,0.0251033, -0.0460553, 279.822
813, 0.00397126 ,0.0250083, -0.0460454, 276.119
814, 0.0039103 ,0.0250465, -0.0461827, 275.687
815, 0.00380635 ,0.0252524, -0.0466984, 276.942
816, 0.00374433 ,0.0255002, -0.047256, 280.774
817, 0.00368971 ,0.0255829, -0.0474762, 284.892
818, 0.00376607 ,0.0256263, -0.0474866, 286.708
819, 0.00396348 ,0.025558, -0.0471525, 286.723
820, 0.00401457 ,0.0253484, -0.0466823, 284.181
821, 0.00417838 ,0.0253546, -0.0465309, 280.831
822, 0.00411348 ,0.025354, -0.0465946, 279.566
823, 0.00399884 ,0.0253645, -0.0467303, 280.041
824, 0.00391486 ,0.0253383, -0.0467617, 280.946
825, 0.00383109 ,0.0253957, -0.0469602, 281.408
826, 0.00379083 ,0.0253821, -0.0469733, 282.792
827, 0.00398404 ,0.0251523, -0.0463206, 282.524
828, 0.00406413 ,0.0250614, -0.0460587, 278.109
829, 0.00403648 ,0.0252494, -0.0464624, 276.15
830, 0.00400676 ,0.025489, -0.0469713, 279.003
831, 0.00392596 ,0.0256239, -0.0473218, 282.903
832, 0.0039586 ,0.0255889, -0.0472192, 285.421
833, 0.00395923 ,0.0255215, -0.0470838, 284.878
834, 0.00399422 ,0.0257198, -0.0474455, 284.172
835, 0.003919 ,0.025834, -0.0477491, 286.592
836, 0.00401691 ,0.0258725, -0.0477282, 288.831
837, 0.00418926 ,0.0258456, -0.047502, 288.724
838, 0.00444398 ,0.0259197, -0.0473955, 287.043
839, 0.00444316 ,0.0261189, -0.0477947, 286.572
840, 0.00428236 ,0.0261522, -0.0480221, 289.177
841, 0.00422841 ,0.0262305, -0.0482326, 291.217
842, 0.00432039 ,0.0261298, -0.0479392, 292.525
843, 0.00443828 ,0.0258162, -0.0471942, 290.246
844, 0.00441143 ,0.0256503, -0.0468892, 285.017
845, 0.00433264 ,0.0256033, -0.0468739, 282.506
846, 0.00426573 ,0.0254183, -0.0465709, 282.005
847, 0.0041997 ,0.0252196, -0.0462394, 279.856
848, 0.00437866 ,0.025133, -0.0458874, 277.203
849, 0.00436957 ,0.0251864, -0.0460032, 274.714
850, 0.00383978 ,0.0253344, -0.0468289, 275.84
851, 0.00354029 ,0.0254538, -0.0473673, 281.701
852, 0.00352228 ,0.0255368, -0.0475514, 285.886
853, 0.00349404 ,0.0256196, -0.0477452, 287.615
854, 0.00370778 ,0.0256475, -0.0475873, 288.799
855, 0.00377282 ,0.025646, -0.0475191, 287.833
856, 0.00360832 ,0.0256761, -0.047744, 287.36
857, 0.00340735 ,0.0256766, -0.0479458, 288.961
858, 0.00330146 ,0.0255609, -0.0478202, 290.337
859, 0.00332813 ,0.0255157, -0.0477033, 289.591
860, 0.00318247 ,0.0255279, -0.0478733, 288.856
861, 0.00314899 ,0.0256076, -0.0480662, 290.013
862, 0.00317738 ,0.0256204, -0.0480635, 291.364
863, 0.00328029 ,0.0256301, -0.04798, 291.424
864, 0.00332523 ,0.0255799, -0.0478347, 290.766
865, 0.00354882 ,0.025566, -0.0475831, 289.554
866, 0.00390737 ,0.0256431, -0.0473789, 287.721
867, 0.00406078 ,0.025643, -0.0472252, 286.127
868, 0.00411289 ,0.025565, -0.0470172, 284.855
869, 0.00418009 ,0.0255287, -0.0468773, 283.305
870, 0.00411433 ,0.0255634, -0.0470124, 282.409
871, 0.00416986 ,0.0255494, -0.0469289, 283.116
872, 0.00424252 ,0.0254548, -0.0466672, 282.521
873, 0.0042153 ,0.0254017, -0.0465881, 280.688
874, 0.0040809 ,0.0253289, -0.046577, 280.01
875, 0.00399039 ,0.0252781, -0.0465658, 279.86
876, 0.00395079 ,0.0253929, -0.046835, 279.984
877, 0.00399138 ,0.0255946, -0.0471979, 281.974
878, 0.00408352 ,0.0258365, -0.0475895, 284.79
879, 0.0038659 ,0.0260214, -0.0481769, 287.993
880, 0.00357947 ,0.0260788, -0.0485782, 292.392
881, 0.00353244 ,0.0258455, -0.0481586, 295.141
882, 0.00384378 ,0.025436, -0.0470282, 291.929
883, 0.00424779 ,0.0251459, -0.0460441, 283.404
884, 0.00418332 ,0.0252231, -0.046263, 276.413
885, 0.00396552 ,0.0254523, -0.046939, 277.63
886, 0.0037556 ,0.0256574, -0.0475592, 282.609
887, 0.00352338 ,0.0257782, -0.0480329, 287.513
888, 0.00353028 ,0.0257694, -0.0480086, 290.96
889, 0.00370852 ,0.0258307, -0.0479529, 291.124
890, 0.00379587 ,0.0258608, -0.0479258, 290.624
891, 0.00368257 ,0.0258333, -0.0479841, 290.514
892, 0.003468 ,0.0257659, -0.0480639, 290.944
893, 0.00340702 ,0.0257822, -0.0481574, 291.617
894, 0.00347702 ,0.0257121, -0.0479472, 292.185
895, 0.00367576 ,0.0254571, -0.0472384, 290.39
896, 0.00401669 ,0.025303, -0.0465893, 285.188
897, 0.00431523 ,0.0253987, -0.0464822, 280.378
898, 0.0041876 ,0.025535, -0.0468824, 279.554
899, 0.00397961 ,0.0256847, -0.0473898, 282.477
900, 0.00394127 ,0.0258322, -0.0477231, 286.244
901, 0.00380905 ,0.0260228, -0.0482366, 289.034
902, 0.00359649 ,0.0262353, -0.0488742, 292.991
903, 0.0036476 ,0.0263462, -0.0490448, 297.587
904, 0.00372097 ,0.0263056, -0.0488903, 299.025
905, 0.00365497 ,0.0261315, -0.0486081, 297.926
906, 0.00359769 ,0.025865, -0.0481322, 295.705
907, 0.00348955 ,0.0255998, -0.04771, 292.14
908, 0.00339529 ,0.0254649, -0.0475344, 288.907
909, 0.00337809 ,0.0255331, -0.047688, 287.611
910, 0.00346296 ,0.0257538, -0.0480445, 288.683
911, 0.00337339 ,0.025934, -0.0484946, 291.465
912, 0.00343838 ,0.0260791, -0.0487199, 294.781
913, 0.00353379 ,0.0261282, -0.0487226, 296.51
914, 0.00344804 ,0.0260564, -0.0486647, 296.654
915, 0.00343499 ,0.0259121, -0.0483892, 296.115
916, 0.0033815 ,0.0256586, -0.0479357, 293.981
917, 0.00327355 ,0.0254254, -0.0475772, 290.591
918, 0.00317775 ,0.0253778, -0.0475779, 287.98
919, 0.00323496 ,0.0254221, -0.0476093, 287.831
920, 0.00357192 ,0.0254009, -0.0472298, 287.735
921, 0.00378941 ,0.0254895, -0.0471896, 285.296
922, 0.00359551 ,0.0254068, -0.047218, 284.724
923, 0.00356069 ,0.0252373, -0.0469139, 284.753
924, 0.00366517 ,0.0251552, -0.0466451, 282.602
925, 0.00347108 ,0.0251739, -0.0468766, 280.777
926, 0.00295702 ,0.025181, -0.047405, 282.485
927, 0.00293684 ,0.0252117, -0.0474866, 286.167
928, 0.00320458 ,0.0252229, -0.0472412, 286.886
929, 0.00339272 ,0.0252808, -0.0471688, 285.317
930, 0.00361554 ,0.0253331, -0.0470507, 284.585
931, 0.00377128 ,0.0253304, -0.0468895, 283.627
932, 0.00368121 ,0.0254526, -0.047224, 282.69
933, 0.00361822 ,0.0257621, -0.047906, 285.254
934, 0.00370727 ,0.0258094, -0.0479116, 289.925
935, 0.00387789 ,0.0255684, -0.047259, 290.053
936, 0.00409423 ,0.025363, -0.0466318, 285.29
937, 0.00429732 ,0.0253663, -0.0464353, 280.622
938, 0.00430878 ,0.0253966, -0.0464845, 278.9
939, 0.0041528 ,0.0256195, -0.0470862, 279.494
940, 0.00397425 ,0.0258261, -0.0476779, 283.825
941, 0.00383219 ,0.0258361, -0.04784, 288.281
942, 0.00361808 ,0.0257127, -0.0478074, 289.724
943, 0.00363301 ,0.0256265, -0.0476199, 289.448
944, 0.00385787 ,0.0256266, -0.0473954, 288.065
945, 0.0041511 ,0.0256129, -0.0470746, 286.276
946, 0.00433024 ,0.0254664, -0.0466026, 283.726
947, 0.00429503 ,0.0252576, -0.0462202, 280.153
948, 0.00415969 ,0.0252268, -0.046294, 277.384
949, 0.00423602 ,0.0253962, -0.0465564, 277.792
950, 0.00452958 ,0.025496, -0.0464625, 279.514
951, 0.00469865 ,0.025513, -0.0463273, 278.925
952, 0.00456055 ,0.0257529, -0.0469453, 278.414
953, 0.00427368 ,0.0259963, -0.0477189, 282.829
954, 0.00399028 ,0.0260802, -0.04817, 288.639
955, 0.00392471 ,0.0261139, -0.048303, 292.221
956, 0.00405779 ,0.0259889, -0.0479201, 293.175
957, 0.00430164 ,0.0256713, -0.047041, 290.179
958, 0.0045212 ,0.0253631, -0.0462049, 283.664
959, 0.00458247 ,0.0251636, -0.0457447, 277.275
960, 0.00433143 ,0.0251336, -0.0459357, 273.866
961, 0.00388937 ,0.0252414, -0.0465935, 275.255
962, 0.00352253 ,0.025307, -0.0470916, 279.996
963, 0.00340386 ,0.0254014, -0.0473989, 283.849
964, 0.00327853 ,0.0255813, -0.047884, 286.542
965, 0.00321383 ,0.0256445, -0.0480751, 290.048
966, 0.00342592 ,0.0255656, -0.0477054, 291.372
967, 0.00375228 ,0.0256308, -0.0475094, 288.905
968, 0.00361698 ,0.0257802, -0.0479434, 287.598
969, 0.00348992 ,0.0260015, -0.0485131, 290.752
970, 0.00362443 ,0.0260433, -0.0484621, 294.775
971, 0.00377455 ,0.0257958, -0.0478171, 294.397
972, 0.00395756 ,0.0256207, -0.0472838, 289.79
973, 0.00406757 ,0.0255828, -0.047098, 285.704
974, 0.00402648 ,0.0255808, -0.0471352, 284.231
975, 0.00406718 ,0.0255306, -0.0469941, 284.248
976, 0.00390989 ,0.0254306, -0.0469512, 283.366
977, 0.003991 ,0.0254727, -0.0469544, 282.914
978, 0.00403786 ,0.0254295, -0.0468211, 282.894
979, 0.00409166 ,0.0253676, -0.0466436, 281.852
980, 0.00413579 ,0.0254946, -0.0468534, 280.741
981, 0.00402657 ,0.025599, -0.0471714, 282.234
982, 0.00395265 ,0.0254951, -0.0470376, 284.33
983, 0.00388033 ,0.0254247, -0.0469691, 283.568
984, 0.00387531 ,0.0254663, -0.0470573, 283.12
985, 0.00405891 ,0.0253774, -0.0466959, 283.439
986, 0.00404937 ,0.0251401, -0.0462308, 280.882
987, 0.00408453 ,0.0249942, -0.0459039, 277.35
988, 0.00409879 ,0.0251426, -0.0461863, 275.075
989, 0.00377033 ,0.0254258, -0.0470812, 277.298
990, 0.00340903 ,0.0256452, -0.0478814, 283.816
991, 0.00325375 ,0.0258303, -0.0484069, 289.994
992, 0.00320858 ,0.0259009, -0.0485932, 294.074
993, 0.00340962 ,0.0257722, -0.0481347, 295.335
994, 0.00378294 ,0.0255139, -0.0472449, 291.804
995, 0.00398895 ,0.0254359, -0.0468829, 285.396
996, 0.0036994 ,0.0255398, -0.0473803, 282.702
997, 0.00335752 ,0.0258144, -0.0482713, 286.418
998, 0.0033383 ,0.025867, -0.0483957, 292.668
999, 0.0034904 ,0.0256214, -0.0477525, 293.727
1000, 0.00357322 ,0.0254214, -0.0472696, 289.205
1001, 0.00352179 ,0.025491, -0.0474602, 285.752
1002, 0.00360835 ,0.0256524, -0.0476964, 286.829
1003, 0.00384515 ,0.0257341, -0.0476231, 288.437
1004, 0.00389053 ,0.0257716, -0.0476526, 288.144
1005, 0.00386035 ,0.0257646, -0.0476688, 288.22
1006, 0.00397548 ,0.0257441, -0.0475126, 288.303
1007, 0.00406818 ,0.025699, -0.0473299, 287.224
1008, 0.00395667 ,0.0256165, -0.0472764, 285.926
1009, 0.00373675 ,0.0255383, -0.0473399, 285.49
1010, 0.00367846 ,0.0255901, -0.0475018, 286.041
1011, 0.00372744 ,0.0255519, -0.0473763, 287.072
1012, 0.00388648 ,0.0253892, -0.046892, 286.044
1013, 0.00399716 ,0.0251741, -0.0463511, 282.402
1014, 0.00383141 ,0.0250079, -0.0461844, 278.439
1015, 0.00380933 ,0.0250648, -0.0463204, 277.058
1016, 0.00391563 ,0.0252004, -0.0464853, 277.947
1017, 0.00394318 ,0.0253019, -0.0466607, 279.283
1018, 0.00397236 ,0.025271, -0.0465697, 280.495
1019, 0.00437876 ,0.0252389, -0.046099, 279.633
1020, 0.00458268 ,0.0254021, -0.0462216, 276.448
1021, 0.00417542 ,0.0256458, -0.0471162, 277.499
1022, 0.00358479 ,0.0258115, -0.0480382, 284.131
1023, 0.00298243 ,0.0259299, -0.0488774, 291.341
1024, 0.00280552 ,0.0260256, -0.0492457, 297.706
1025, 0.00314653 ,0.0259176, -0.0486887, 300.289
1026, 0.00353537 ,0.0255445, -0.0475536, 296.054
1027, 0.00378215 ,0.025357, -0.0469318, 287.777
1028, 0.00361313 ,0.0254135, -0.047214, 283.124
1029, 0.00351721 ,0.0255738, -0.0476304, 284.891
1030, 0.00352151 ,0.0255462, -0.047571, 287.858
1031, 0.00349238 ,0.0254129, -0.0473333, 287.595
1032, 0.00353623 ,0.02539, -0.0472437, 285.9
1033, 0.00363073 ,0.0253623, -0.0470939, 285.142
1034, 0.00368771 ,0.0252918, -0.046896, 284.005
1035, 0.00357487 ,0.0252996, -0.0470244, 282.715
1036, 0.00352084 ,0.0254068, -0.0472927, 283.559
1037, 0.00342362 ,0.0255337, -0.0476437, 285.544
1038, 0.00319644 ,0.0257622, -0.0483279, 288.454
1039, 0.00299193 ,0.0260089, -0.0490259, 293.521
1040, 0.00284676 ,0.0262661, -0.0496854, 299.019
1041, 0.00290481 ,0.0263456, -0.0497864, 303.859
1042, 0.00316981 ,0.0261091, -0.0490483, 304.542
1043, 0.0035928 ,0.0256927, -0.0477927, 298.921
1044, 0.00385521 ,0.0253856, -0.0469161, 289.556
1045, 0.00369114 ,0.0254303, -0.0471695, 283.155
1046, 0.00350091 ,0.0257057, -0.0479105, 284.762
1047, 0.0034723 ,0.0259763, -0.0484804, 290.172
1048, 0.00359639 ,0.0262165, -0.0488366, 294.677
1049, 0.00373738 ,0.0262075, -0.0486777, 297.251
1050, 0.00404003 ,0.0258681, -0.0476962, 295.864
1051, 0.00455325 ,0.0253035, -0.0460538, 288.164
1052, 0.00468792 ,0.0249263, -0.0451648, 276.289
1053, 0.0046411 ,0.0248517, -0.0450623, 269.208
1054, 0.00427708 ,0.0249642, -0.0456513, 268.488
1055, 0.00391178 ,0.02524, -0.0465683, 272.908
1056, 0.00381315 ,0.0256009, -0.0473887, 279.902
1057, 0.00390775 ,0.025734, -0.0475602, 285.931
1058, 0.00419478 ,0.0258185, -0.0474423, 287.405
1059, 0.00430144 ,0.025921, -0.0475406, 286.692
1060, 0.0041204 ,0.0259212, -0.0477221, 287.43
1061, 0.00383132 ,0.025797, -0.0477627, 288.723
1062, 0.00366992 ,0.0257495, -0.047829, 289.155
1063, 0.00361182 ,0.0258624, -0.0481129, 289.829
1064, 0.00358509 ,0.0260029, -0.0484206, 291.95
1065, 0.00356874 ,0.0259993, -0.0484298, 294.178
1066, 0.00363588 ,0.0258991, -0.0481623, 294.254
1067, 0.00370088 ,0.0258364, -0.0479719, 292.411
1068, 0.0037942 ,0.0258109, -0.0478276, 290.911
1069, 0.00411959 ,0.0258598, -0.0475999, 289.717
1070, 0.0043217 ,0.0259178, -0.0475139, 288.093
1071, 0.00447007 ,0.0259503, -0.0474304, 287.327
1072, 0.00456511 ,0.0258379, -0.0471108, 286.536
1073, 0.00462029 ,0.0256172, -0.0466142, 284.094
1074, 0.00459297 ,0.0253309, -0.0460688, 280.306
1075, 0.0046654 ,0.0251124, -0.0455594, 276.102
1076, 0.00475286 ,0.0249906, -0.0452284, 272.231
1077, 0.00473781 ,0.0248913, -0.0450448, 269.626
1078, 0.00471045 ,0.0248089, -0.0449074, 267.984
1079, 0.00451917 ,0.0251778, -0.0458364, 267.556
1080, 0.00399034 ,0.0256748, -0.0473593, 274.49
1081, 0.00369728 ,0.0259818, -0.0482664, 285.729
1082, 0.0037292 ,0.0261192, -0.0485092, 292.844
1083, 0.00377173 ,0.0261098, -0.0484479, 294.914
1084, 0.00370982 ,0.0259423, -0.0481749, 294.451
1085, 0.00360531 ,0.025687, -0.0477687, 292.313
1086, 0.00371223 ,0.025643, -0.0475738, 289.336
1087, 0.00353476 ,0.025541, -0.0475473, 287.764
1088, 0.0035616 ,0.0253317, -0.0471018, 287.196
1089, 0.00364905 ,0.024967, -0.046285, 283.814
1090, 0.00383989 ,0.0248407, -0.0458415, 277.922
1091, 0.00383118 ,0.0248592, -0.0458872, 274.493
1092, 0.00371369 ,0.0250164, -0.0463192, 274.795
1093, 0.00374731 ,0.0253215, -0.0468957, 278.013
1094, 0.00383984 ,0.0255319, -0.0472241, 282.295
1095, 0.00401974 ,0.0254757, -0.0469316, 284.624
1096, 0.00419928 ,0.025253, -0.0463067, 282.472
1097, 0.00416212 ,0.0252195, -0.0462768, 278.194
1098, 0.0039009 ,0.025267, -0.0466331, 277.769
1099, 0.00389249 ,0.0254326, -0.0469726, 280.368
1100, 0.00403401 ,0.0255303, -0.0470266, 282.768
1101, 0.00406447 ,0.0256495, -0.0472344, 283.526
1102, 0.00406224 ,0.0257822, -0.0475021, 285.066
1103, 0.00403788 ,0.0257531, -0.0474682, 286.985
1104, 0.00394133 ,0.0256033, -0.0472652, 286.789
1105, 0.00374944 ,0.0255845, -0.0474195, 285.525
1106, 0.00348915 ,0.0255972, -0.0477053, 286.561
1107, 0.00345518 ,0.0254936, -0.0475319, 288.45
1108, 0.00352222 ,0.0253293, -0.0471363, 287.106
1109, 0.00356469 ,0.0254015, -0.0472384, 284.558
1110, 0.00364253 ,0.0255611, -0.0474797, 285.12
1111, 0.00378497 ,0.0257898, -0.0477946, 287.07
1112, 0.00393897 ,0.0258857, -0.0478323, 289.272
1113, 0.00391578 ,0.0258615, -0.0478071, 289.753
1114, 0.00377939 ,0.0257346, -0.0476898, 289.495
1115, 0.00363463 ,0.0256183, -0.047602, 288.615
1116, 0.00340786 ,0.0256765, -0.0479452, 288.23
1117, 0.00326974 ,0.0256643, -0.0480588, 290.387
1118, 0.00334574 ,0.0257176, -0.0480895, 291.417
1119, 0.00334026 ,0.0257437, -0.0481472, 291.692
1120, 0.00336928 ,0.0258513, -0.0483333, 292.233
1121, 0.00323621 ,0.0260669, -0.0488976, 293.884
1122, 0.00323394 ,0.0262623, -0.0492907, 297.964
1123, 0.0034759 ,0.026281, -0.0490861, 300.805
1124, 0.00365307 ,0.0260887, -0.0485244, 299.356
1125, 0.00359866 ,0.0259247, -0.0482507, 295.347
1126, 0.00346671 ,0.0259471, -0.0484276, 293.301
1127, 0.00327375 ,0.0259725, -0.0486713, 294.417
1128, 0.00322974 ,0.0260473, -0.0488649, 296.293
1129, 0.00322575 ,0.0261078, -0.0489899, 297.743
1130, 0.00330385 ,0.0261123, -0.0489207, 298.723
1131, 0.00349754 ,0.025932, -0.0483665, 297.926
1132, 0.00368753 ,0.0258378, -0.0479881, 294.113
1133, 0.00374654 ,0.0256799, -0.0476132, 290.988
1134, 0.00377405 ,0.0255233, -0.0472725, 288.131
1135, 0.00384557 ,0.0255052, -0.0471648, 285.581
1136, 0.00381677 ,0.0256048, -0.0473928, 284.763
1137, 0.00386353 ,0.0258692, -0.0478749, 286.56
1138, 0.00397303 ,0.0259238, -0.0478745, 289.828
1139, 0.0040201 ,0.025828, -0.0476359, 290
1140, 0.00387967 ,0.025773, -0.0476663, 288.451
1141, 0.00387495 ,0.025827, -0.047779, 288.544
1142, 0.00394534 ,0.0259588, -0.0479723, 289.413
1143, 0.00391428 ,0.0261561, -0.0483978, 291.03
1144, 0.00380451 ,0.0262591, -0.0487136, 294.124
1145, 0.00374469 ,0.0262352, -0.0487257, 296.471
1146, 0.00383808 ,0.0261768, -0.0485156, 296.627
1147, 0.00397993 ,0.0261041, -0.0482282, 295.063
1148, 0.00398371 ,0.0260764, -0.0481691, 293.014
1149, 0.00390787 ,0.025968, -0.0480281, 292.399
1150, 0.00402259 ,0.0256568, -0.0472909, 290.946
1151, 0.00407658 ,0.0253038, -0.046531, 285.51
1152, 0.00401263 ,0.0253171, -0.0466215, 280.033
1153, 0.0038351 ,0.0255897, -0.0473442, 280.634
1154, 0.00364946 ,0.025687, -0.0477245, 285.769
1155, 0.0037671 ,0.0256143, -0.0474615, 288.617
1156, 0.00391096 ,0.0254601, -0.0470092, 286.794
1157, 0.00380549 ,0.025437, -0.0470685, 283.679
1158, 0.00350559 ,0.025485, -0.0474643, 284.026
1159, 0.00355356 ,0.0255224, -0.0474913, 286.726
1160, 0.00388533 ,0.0254112, -0.046937, 286.75
1161, 0.00410767 ,0.0254391, -0.0467706, 283.01
1162, 0.0041558 ,0.0256924, -0.0472289, 281.792
1163, 0.00396891 ,0.0258602, -0.0477514, 284.98
1164, 0.00387401 ,0.0259557, -0.0480374, 288.947
1165, 0.00389053 ,0.0259149, -0.0479393, 291.033
1166, 0.00363888 ,0.025866, -0.0480931, 290.684
1167, 0.00331738 ,0.0259311, -0.0485448, 291.883
1168, 0.00329489 ,0.026015, -0.0487352, 295.015
1169, 0.0034587 ,0.02598, -0.0485013, 296.417
1170, 0.00369864 ,0.0258738, -0.0480489, 294.74
1171, 0.00385205 ,0.0257778, -0.0477036, 291.44
1172, 0.00378011 ,0.0256036, -0.0474272, 288.751
1173, 0.00389131 ,0.0254427, -0.046994, 286.499
1174, 0.00408678 ,0.0253264, -0.0465661, 283.25
1175, 0.0040373 ,0.0253213, -0.0466052, 280.196
1176, 0.00384026 ,0.0253741, -0.0469079, 280.304
1177, 0.00367741 ,0.0254716, -0.0472658, 282.607
1178, 0.00362682 ,0.0255217, -0.0474165, 285.239
1179, 0.0037724 ,0.0254442, -0.0471159, 286.214
1180, 0.00387548 ,0.0253869, -0.0468983, 284.193
1181, 0.00379028 ,0.0254105, -0.0470307, 282.601
1182, 0.00380966 ,0.0255209, -0.0472322, 283.463
1183, 0.00396635 ,0.0254605, -0.0469546, 284.793
1184, 0.00433944 ,0.0251728, -0.0460061, 282.433
1185, 0.0042238 ,0.0248888, -0.0455537, 275.855
1186, 0.00392399 ,0.0247751, -0.0456262, 272.217
1187, 0.003902 ,0.0250247, -0.0461474, 272.797
1188, 0.00392361 ,0.0254294, -0.0469351, 276.71
1189, 0.00379928 ,0.0257472, -0.0476952, 282.713
1190, 0.00392463 ,0.0258468, -0.0477689, 288.23
1191, 0.00409065 ,0.0257706, -0.0474505, 288.908
1192, 0.00404458 ,0.0258311, -0.0476175, 287.052
1193, 0.00391467 ,0.0258403, -0.0477659, 287.901
1194, 0.00375599 ,0.0259979, -0.0482398, 289.388
1195, 0.00346282 ,0.0262082, -0.0489535, 293.076
1196, 0.00331719 ,0.0262249, -0.0491327, 298.222
1197, 0.00337625 ,0.0259848, -0.0485933, 299.552
1198, 0.00350199 ,0.0256822, -0.0478624, 295.656
1199, 0.00363707 ,0.0254795, -0.0473218, 290.123
1200, 0.00364599 ,0.0254357, -0.0472253, 285.986
1201, 0.00342397 ,0.0255186, -0.0476133, 285.346
1202, 0.00340223 ,0.0254364, -0.0474706, 287.739
1203, 0.00376068 ,0.0251913, -0.0466219, 286.523
1204, 0.00405862 ,0.0250777, -0.0460968, 280.493
1205, 0.0040168 ,0.0250585, -0.0461002, 276.486
1206, 0.00402288 ,0.0251275, -0.046232, 276.27
1207, 0.00409131 ,0.0253137, -0.046536, 277.381
1208, 0.0041568 ,0.0255359, -0.046915, 279.667
1209, 0.00398393 ,0.025787, -0.0475902, 282.789
1210, 0.00382776 ,0.0260101, -0.0481924, 287.807
1211, 0.00373082 ,0.0260529, -0.0483751, 292.254
1212, 0.00350227 ,0.0260647, -0.0486271, 294.033
1213, 0.00328315 ,0.0260034, -0.0487237, 295.907
1214, 0.0034278 ,0.0257501, -0.0480724, 296.246
1215, 0.00377053 ,0.0256469, -0.0475232, 291.706
1216, 0.00393478 ,0.025673, -0.0474112, 287.636
1217, 0.0039897 ,0.0254274, -0.046865, 286.171
1218, 0.00401487 ,0.0251555, -0.0462962, 282.177
1219, 0.00388058 ,0.0251236, -0.0463667, 278.179
1220, 0.00363742 ,0.0250812, -0.046525, 278.366
1221, 0.00350886 ,0.0250889, -0.046669, 279.566
1222, 0.00335399 ,0.0252356, -0.0471171, 280.926
1223, 0.00340382 ,0.0253948, -0.0473858, 284.067
1224, 0.00359768 ,0.0254614, -0.0473251, 286.049
1225, 0.00352527 ,0.0254729, -0.0474205, 285.907
1226, 0.00355778 ,0.0255135, -0.0474693, 286.498
1227, 0.00369501 ,0.0255337, -0.0473724, 286.796
1228, 0.00357926 ,0.0255133, -0.0474474, 286.277
1229, 0.00349595 ,0.0255639, -0.0476318, 286.789
1230, 0.00355964 ,0.0256308, -0.0477019, 288.121
1231, 0.00366219 ,0.0255829, -0.0475037, 288.603
1232, 0.00367046 ,0.0254666, -0.0472628, 287.157
1233, 0.00355953 ,0.0254707, -0.0473819, 285.543
1234, 0.00344901 ,0.0254928, -0.0475366, 286.23
1235, 0.00354191 ,0.0255471, -0.0475522, 287.444
1236, 0.00373556 ,0.0256206, -0.0475056, 287.508
1237, 0.00379538 ,0.0257587, -0.0477219, 287.342
1238, 0.00366757 ,0.0257982, -0.0479288, 288.96
1239, 0.00386725 ,0.0257025, -0.0475377, 290.155
1240, 0.00406393 ,0.0254773, -0.0468906, 287.289
1241, 0.00412025 ,0.025406, -0.0466917, 282.608
1242, 0.00398007 ,0.0255123, -0.0470445, 281.094
1243, 0.00387641 ,0.0256612, -0.0474459, 283.658
1244, 0.00390911 ,0.0257228, -0.0475365, 286.603
1245, 0.00382518 ,0.025841, -0.0478568, 287.721
1246, 0.00355267 ,0.0259703, -0.048388, 290.201
1247, 0.00333718 ,0.025983, -0.0486287, 293.978
1248, 0.00336671 ,0.0259702, -0.0485738, 295.852
1249, 0.00335346 ,0.0258931, -0.0484327, 295.524
1250, 0.00334147 ,0.0258125, -0.0482836, 294.48
1251, 0.00332309 ,0.0255896, -0.0478561, 293.156
1252, 0.00338485 ,0.0253416, -0.0472983, 289.894
1253, 0.00337468 ,0.0251962, -0.0470178, 285.817
1254, 0.00337526 ,0.0251544, -0.0469336, 283.539
1255, 0.00332951 ,0.0252323, -0.0471351, 282.984
1256, 0.00324232 ,0.0253436, -0.0474448, 284.444
1257, 0.00343372 ,0.0254718, -0.0475099, 286.711
1258, 0.00388492 ,0.0253916, -0.0468983, 286.946
1259, 0.00441699 ,0.0251676, -0.0459183, 282.29
1260, 0.00459298 ,0.0251397, -0.0456865, 275.308
1261, 0.00441628 ,0.0251484, -0.0458806, 273.212
1262, 0.00419917 ,0.0251677, -0.0461362, 274.479
1263, 0.00391351 ,0.0254067, -0.0468999, 276.867
1264, 0.00366452 ,0.0255889, -0.0475133, 282.323
1265, 0.00346459 ,0.0257085, -0.0479524, 287.161
1266, 0.00328702 ,0.025757, -0.048227, 290.531
1267, 0.00314294 ,0.0257282, -0.0483134, 292.627
1268, 0.00316437 ,0.0258063, -0.0484481, 293.525
1269, 0.00339922 ,0.0259059, -0.0484125, 294.472
1270, 0.00372064 ,0.0258871, -0.0480536, 294.113
1271, 0.00391748 ,0.0258219, -0.0477264, 291.533
1272, 0.00388942 ,0.0258385, -0.0477875, 289.218
1273, 0.00383152 ,0.0259124, -0.0479932, 289.575
1274, 0.00391002 ,0.0258936, -0.0478772, 290.944
1275, 0.00419024 ,0.0258629, -0.0475355, 290.083
1276, 0.00427915 ,0.0257506, -0.047222, 287.564
1277, 0.00428622 ,0.0256188, -0.0469513, 285.138
1278, 0.00414181 ,0.0253492, -0.0465566, 282.953
1279, 0.00402359 ,0.0249303, -0.0458369, 279.712
1280, 0.00409461 ,0.0247736, -0.0454525, 274.487
1281, 0.00395155 ,0.024824, -0.0456965, 271.707
1282, 0.00380736 ,0.0248823, -0.0459573, 273.246
1283, 0.0037194 ,0.0249878, -0.0462562, 275.325
1284, 0.00361866 ,0.0251991, -0.0467795, 277.761
1285, 0.00352952 ,0.0254207, -0.0473119, 281.719
1286, 0.00354397 ,0.0254551, -0.0473661, 285.535
1287, 0.00363087 ,0.0253123, -0.0469936, 285.953
1288, 0.00387759 ,0.02527, -0.0466625, 283.287
1289, 0.00404041 ,0.0252916, -0.0465427, 280.762
1290, 0.00400073 ,0.025373, -0.0467453, 279.916
1291, 0.00397033 ,0.0254445, -0.0469187, 281.327
1292, 0.00401333 ,0.025421, -0.0468286, 282.492
1293, 0.00383184 ,0.0255321, -0.0472323, 282.377
1294, 0.00378633 ,0.0256387, -0.0474911, 285.082
1295, 0.00394696 ,0.0255002, -0.0470535, 286.733
1296, 0.00406369 ,0.025507, -0.0469504, 283.998
1297, 0.00395288 ,0.0256288, -0.0473047, 283.207
1298, 0.00396815 ,0.0257191, -0.0474701, 285.611
1299, 0.00405079 ,0.0256442, -0.0472377, 286.846
1300, 0.00430961 ,0.0253894, -0.0464693, 284.913
1301, 0.00449777 ,0.0250046, -0.0455114, 279.109
1302, 0.00451133 ,0.0248682, -0.0452251, 272.068
1303, 0.00424727 ,0.0251208, -0.0459943, 270.064
1304, 0.00378765 ,0.025472, -0.0471564, 275.694
1305, 0.00357523 ,0.0257768, -0.0479783, 284.391
1306, 0.00367602 ,0.0258453, -0.0480146, 290.598
1307, 0.00409932 ,0.0256968, -0.0472944, 290.878
1308, 0.00446677 ,0.0255272, -0.0465877, 285.718
1309, 0.00451987 ,0.0254836, -0.0464473, 280.495
1310, 0.00442896 ,0.0255673, -0.0467056, 279.238
1311, 0.00409427 ,0.0256569, -0.0472195, 281.217
1312, 0.00380655 ,0.0256523, -0.047498, 284.967
1313, 0.00391452 ,0.0254812, -0.0470478, 286.848
1314, 0.00418257 ,0.0252844, -0.0463863, 283.627
1315, 0.004461 ,0.0253512, -0.0462414, 278.905
1316, 0.00452898 ,0.0253607, -0.0461923, 277.411
1317, 0.00443901 ,0.025301, -0.046163, 276.889
1318, 0.00400395 ,0.025445, -0.046886, 277.172
1319, 0.00375221 ,0.0256655, -0.0475787, 282.356
1320, 0.00387305 ,0.0255949, -0.0473168, 287.221
1321, 0.00393449 ,0.0254061, -0.0468777, 285.635
1322, 0.00381892 ,0.0253958, -0.0469726, 282.621
1323, 0.00360017 ,0.0253884, -0.0471767, 283.026
1324, 0.00336508 ,0.0254647, -0.0475642, 284.784
1325, 0.00324877 ,0.0255064, -0.0477641, 287.548
1326, 0.00314113 ,0.0254995, -0.0478579, 289.255
1327, 0.0031869 ,0.0255308, -0.0478748, 289.906
1328, 0.00334755 ,0.0256693, -0.047991, 290.23
1329, 0.00353377 ,0.0256755, -0.0478172, 290.876
1330, 0.00375516 ,0.0254818, -0.0472085, 289.39
1331, 0.00384541 ,0.0254068, -0.0469683, 285.056
1332, 0.0035836 ,0.0255431, -0.0475026, 283.494
1333, 0.0037564 ,0.0256659, -0.0475754, 286.832
1334, 0.00402039 ,0.0255732, -0.0471259, 287.502
1335, 0.00406777 ,0.0253368, -0.0466057, 284.25
1336, 0.0042259 ,0.025201, -0.046176, 280.232
1337, 0.0043603 ,0.0252788, -0.0461973, 277.07
1338, 0.00438152 ,0.0255, -0.0466185, 277.178
1339, 0.0040639 ,0.0257391, -0.0474143, 280.514
1340, 0.00365548 ,0.0260212, -0.0483868, 286.694
1341, 0.0036443 ,0.0261511, -0.0486579, 293.714
1342, 0.00374384 ,0.0261339, -0.048524, 296.116
1343, 0.00377702 ,0.0260837, -0.0483905, 295.288
1344, 0.00382291 ,0.0259783, -0.0481336, 294.166
1345, 0.00410253 ,0.0257688, -0.047435, 291.926
1346, 0.00424054 ,0.0254638, -0.046687, 286.694
1347, 0.00412099 ,0.0253597, -0.0465985, 281.204
1348, 0.0037208 ,0.0255746, -0.0474284, 280.681
1349, 0.00338911 ,0.0258677, -0.0483463, 286.72
1350, 0.00351173 ,0.0259506, -0.0483895, 293.378
1351, 0.00393698 ,0.0258174, -0.0476978, 293.772
1352, 0.00410342 ,0.0257215, -0.0473395, 288.991
1353, 0.00394728 ,0.0257189, -0.0474904, 286.246
1354, 0.00377872 ,0.0258001, -0.0478215, 287.208
1355, 0.00357098 ,0.0258634, -0.0481558, 289.752
1356, 0.00358772 ,0.0257837, -0.0479796, 292.039
1357, 0.00388866 ,0.0255851, -0.0472815, 290.605
1358, 0.0041346 ,0.0254451, -0.0467556, 285.591
1359, 0.00416034 ,0.0254332, -0.046706, 281.62
1360, 0.00402463 ,0.0254098, -0.046795, 280.989
1361, 0.00390129 ,0.0254086, -0.046916, 281.652
1362, 0.00394129 ,0.0254361, -0.0469309, 282.543
1363, 0.00417686 ,0.0254047, -0.0466326, 282.561
1364, 0.0041682 ,0.0252574, -0.0463466, 280.496
1365, 0.00413667 ,0.0251722, -0.0462077, 278.347
1366, 0.00418556 ,0.0252197, -0.0462538, 277.34
1367, 0.00416214 ,0.0253125, -0.0464628, 277.72
1368, 0.00403557 ,0.0253335, -0.0466315, 279.261
1369, 0.0038962 ,0.0252287, -0.0465613, 280.461
1370, 0.00389549 ,0.0250539, -0.0462124, 279.909
1371, 0.0040091 ,0.0248176, -0.0456261, 277.109
1372, 0.00420493 ,0.0246627, -0.0451205, 272.73
1373, 0.00434072 ,0.024705, -0.0450692, 268.896
1374, 0.00408064 ,0.0250158, -0.0459509, 268.841
1375, 0.00384799 ,0.0253558, -0.0468635, 275.155
1376, 0.00376527 ,0.0255256, -0.047286, 282.031
1377, 0.00390211 ,0.0255575, -0.0472128, 285.331
1378, 0.00409585 ,0.0255152, -0.0469345, 284.889
1379, 0.00400827 ,0.0255435, -0.0470787, 283.09
1380, 0.00369747 ,0.0255391, -0.0473807, 283.987
1381, 0.00362109 ,0.0256716, -0.0477222, 286.34
1382, 0.00349786 ,0.0257152, -0.0479325, 288.949
1383, 0.00351235 ,0.025422, -0.0473317, 290.176
1384, 0.00395775 ,0.0250517, -0.0461456, 285.54
1385, 0.00413051 ,0.0249203, -0.04571, 277.109
1386, 0.00400699 ,0.025172, -0.0463371, 273.895
1387, 0.00376757 ,0.0253759, -0.0469841, 278.199
1388, 0.00373443 ,0.0253477, -0.046961, 282.828
1389, 0.00350185 ,0.0252057, -0.0469095, 283.031
1390, 0.00332246 ,0.0251331, -0.0469437, 282.659
1391, 0.00339431 ,0.0250379, -0.0466816, 282.658
1392, 0.00353796 ,0.0250077, -0.0464774, 280.859
1393, 0.00364364 ,0.0251076, -0.0465716, 279.431
1394, 0.00368641 ,0.0251666, -0.0466468, 279.997
1395, 0.0037861 ,0.0252397, -0.0466933, 280.599
1396, 0.00371769 ,0.0253725, -0.0470273, 281.233
1397, 0.00362675 ,0.0254131, -0.0471995, 283.518
1398, 0.00363984 ,0.0253966, -0.0471535, 284.825
1399, 0.00362225 ,0.0253876, -0.047153, 284.605
1400, 0.00359156 ,0.025478, -0.0473645, 284.596
1401, 0.00343218 ,0.0257639, -0.0480955, 286.553
1402, 0.00333157 ,0.0258787, -0.0484258, 291.628
1403, 0.00338585 ,0.0257171, -0.0480484, 294.091
1404, 0.00344107 ,0.0255484, -0.0476558, 291.525
1405, 0.00340453 ,0.025572, -0.0477395, 288.705
1406, 0.0034398 ,0.0257069, -0.047974, 289.206
1407, 0.00355731 ,0.0256519, -0.0477464, 290.685
1408, 0.00372912 ,0.0253707, -0.0470124, 288.858
1409, 0.00375561 ,0.0251781, -0.0466007, 283.591
1410, 0.0035372 ,0.0252685, -0.0469998, 280.614
1411, 0.0032762 ,0.0254476, -0.0476189, 283.408
1412, 0.00325547 ,0.0255308, -0.0478062, 287.899
1413, 0.00327602 ,0.025535, -0.047794, 289.535
1414, 0.00324562 ,0.025535, -0.0478243, 289.574
1415, 0.00315268 ,0.0255322, -0.0479117, 289.743
1416, 0.00320989 ,0.0257411, -0.0482723, 290.579
1417, 0.00331492 ,0.0259168, -0.0485187, 293.144
1418, 0.00344289 ,0.0258028, -0.0481627, 294.84
1419, 0.00372359 ,0.0253736, -0.0470236, 291.91
1420, 0.00405756 ,0.0250225, -0.0459875, 283.507
1421, 0.00407677 ,0.0249634, -0.04585, 275.864
1422, 0.00388988 ,0.0250871, -0.0462844, 274.632
1423, 0.00398263 ,0.0252437, -0.0465047, 277.641
1424, 0.00413357 ,0.0252472, -0.0463608, 279.316
1425, 0.00400622 ,0.0252849, -0.0465636, 278.628
1426, 0.00373936 ,0.0254756, -0.0472119, 280.288
1427, 0.00393922 ,0.0255691, -0.0471989, 284.573
1428, 0.00422345 ,0.025431, -0.0466385, 284.398
1429, 0.00371493 ,0.0252855, -0.0468562, 280.954
1430, 0.00345207 ,0.0252797, -0.0471074, 282.13
1431, 0.0034138 ,0.025236, -0.0470582, 283.987
1432, 0.00330143 ,0.0251383, -0.0469751, 283.926
1433, 0.00347277 ,0.0249676, -0.0464625, 282.93
1434, 0.00350925 ,0.0249344, -0.0463596, 279.477
1435, 0.00335134 ,0.02518, -0.0470087, 278.828
1436, 0.00327994 ,0.0254924, -0.0477049, 283.441
1437, 0.00328254 ,0.0257247, -0.0481669, 288.659
1438, 0.00314165 ,0.0258726, -0.0486035, 292.437
1439, 0.00315518 ,0.0257405, -0.0483259, 295.328
1440, 0.00321908 ,0.0255663, -0.0479135, 293.544
1441, 0.00307239 ,0.0256802, -0.048288, 290.988
1442, 0.00293758 ,0.0257804, -0.0486233, 293.363
1443, 0.00284961 ,0.0257035, -0.0485574, 295.879
1444, 0.00298066 ,0.0254308, -0.047881, 295.207
1445, 0.00342768 ,0.0250545, -0.0466814, 289.854
1446, 0.00349422 ,0.0249041, -0.0463139, 281.197
1447, 0.00329182 ,0.0250952, -0.0468985, 278.374
1448, 0.00335081 ,0.0253264, -0.047302, 282.315
1449, 0.00339109 ,0.0255421, -0.0476931, 285.61
1450, 0.00310984 ,0.0258125, -0.0485151, 288.944
1451, 0.00278313 ,0.0260683, -0.0493535, 295.095
1452, 0.00284894 ,0.0261884, -0.0495279, 301.238
1453, 0.00306834 ,0.026123, -0.0491776, 302.727
1454, 0.00313929 ,0.0259041, -0.048669, 300.212
1455, 0.00323211 ,0.0257288, -0.0482256, 296.358
1456, 0.00324236 ,0.0257717, -0.048301, 293.213
1457, 0.00308445 ,0.0258346, -0.0485848, 293.601
1458, 0.00321557 ,0.0259155, -0.0486155, 295.493
1459, 0.00346601 ,0.0259935, -0.048521, 295.908
1460, 0.0037057 ,0.025819, -0.0479322, 294.802
1461, 0.00383108 ,0.0255941, -0.0473572, 290.612
1462, 0.00383847 ,0.0253898, -0.0469411, 286.117
1463, 0.00377886 ,0.0252781, -0.0467773, 282.979
1464, 0.00366363 ,0.0251398, -0.0466159, 281.544
1465, 0.00360612 ,0.0249672, -0.0463283, 280.207
1466, 0.00375806 ,0.0250497, -0.0463413, 278.187
1467, 0.00369849 ,0.025306, -0.0469134, 278.519
1468, 0.00354898 ,0.0254845, -0.0474199, 282.618
1469, 0.00348177 ,0.0254817, -0.0474817, 286.413
1470, 0.00370992 ,0.0254134, -0.0471169, 286.867
1471, 0.00386497 ,0.025398, -0.046931, 284.37
1472, 0.00389241 ,0.0255396, -0.0471869, 283.011
1473, 0.00349697 ,0.0256752, -0.0478535, 285.044
1474, 0.00311965 ,0.0257058, -0.0482919, 289.867
1475, 0.003116 ,0.0255569, -0.0479978, 292.939
1476, 0.00336945 ,0.0254704, -0.0475713, 291.022
1477, 0.00364294 ,0.0254573, -0.0472717, 287.792
1478, 0.00375988 ,0.0253648, -0.0469697, 285.37
1479, 0.00385812 ,0.0253372, -0.0468162, 283.093
1480, 0.0039474 ,0.0254432, -0.046939, 281.945
1481, 0.00395559 ,0.0256431, -0.0473305, 282.923
1482, 0.00403271 ,0.0256485, -0.0472642, 285.513
1483, 0.00438444 ,0.0254557, -0.0465269, 284.926
1484, 0.00482567 ,0.025334, -0.0458424, 279.515
1485, 0.00488844 ,0.0251824, -0.0454764, 274.33
1486, 0.00478639 ,0.0250635, -0.0453407, 271.378
1487, 0.0045961 ,0.025238, -0.0458799, 270.718
1488, 0.00435141 ,0.025435, -0.0465185, 274.601
1489, 0.00410945 ,0.0254409, -0.0467724, 279.397
1490, 0.00402011 ,0.025242, -0.0464638, 281.253
1491, 0.00397649 ,0.0250302, -0.0460838, 279.127
1492, 0.00385279 ,0.0249959, -0.0461391, 276.411
1493, 0.00375728 ,0.0252047, -0.0466521, 276.841
1494, 0.00364128 ,0.0255423, -0.0474433, 280.793
1495, 0.0036533 ,0.0257626, -0.0478719, 286.569
1496, 0.00375915 ,0.0258146, -0.04787, 289.912
1497, 0.0038344 ,0.0258012, -0.047768, 290.122
1498, 0.00388238 ,0.0256589, -0.0474355, 289.154
1499, 0.00395256 ,0.0256046, -0.0472567, 286.774
1500, 0.00390627 ,0.0257983, -0.0476903, 285.63
1501, 0.00381999 ,0.0259616, -0.0481032, 288.617
1502, 0.00376251 ,0.0257881, -0.0478137, 291.474
1503, 0.00385682 ,0.0255253, -0.0471938, 289.405
1504, 0.00401799 ,0.0255021, -0.0469863, 284.995
1505, 0.00404433 ,0.025599, -0.0471537, 283.289
1506, 0.0040443 ,0.0256175, -0.0471907, 284.305
1507, 0.00407725 ,0.025534, -0.0469907, 284.557
1508, 0.00405873 ,0.0254613, -0.0468638, 283.217
1509, 0.00386897 ,0.0254484, -0.0470279, 282.317
1510, 0.00357949 ,0.025655, -0.0477306, 283.852
1511, 0.0033698 ,0.0257382, -0.0481067, 288.785
1512, 0.00350564 ,0.0255741, -0.0476426, 291.403
1513, 0.00396405 ,0.0254467, -0.0469293, 288.104
1514, 0.00420992 ,0.025357, -0.0465041, 282.779
1515, 0.00422333 ,0.025466, -0.0467087, 279.451
1516, 0.00404759 ,0.0255555, -0.0470635, 280.805
1517, 0.00398915 ,0.025373, -0.0467568, 283.279
1518, 0.00395744 ,0.0251924, -0.0464273, 281.29
1519, 0.00373439 ,0.0252179, -0.0467015, 279.066
1520, 0.00366274 ,0.025446, -0.0472292, 280.998
1521, 0.00371297 ,0.025647, -0.047581, 284.852
1522, 0.00364678 ,0.0257947, -0.0479427, 287.756
1523, 0.00358902 ,0.025867, -0.048145, 290.41
1524, 0.00379706 ,0.025839, -0.047881, 291.87
1525, 0.00409522 ,0.0255446, -0.046994, 289.552
1526, 0.00410867 ,0.0255021, -0.0468955, 283.497
1527, 0.003729 ,0.0256296, -0.0475302, 282.614
1528, 0.00334628 ,0.0256728, -0.0479993, 287.114
1529, 0.00322718 ,0.0257944, -0.0483616, 290.978
1530, 0.00321774 ,0.0257638, -0.0483098, 293.598
1531, 0.0033759 ,0.0256911, -0.0480064, 293.252
1532, 0.00335305 ,0.0258177, -0.0482824, 291.388
1533, 0.00318354 ,0.0259269, -0.0486702, 293.106
1534, 0.0031526 ,0.0260119, -0.0488713, 296.083
1535, 0.0030961 ,0.0259152, -0.0487343, 297.574
1536, 0.00326149 ,0.025709, -0.0481565, 296.432
1537, 0.00366184 ,0.025562, -0.0474621, 291.934
1538, 0.00382896 ,0.0256425, -0.0474561, 287.069
1539, 0.00371542 ,0.0256838, -0.0476521, 286.77
1540, 0.00368611 ,0.0256484, -0.0476108, 288.062
1541, 0.00376506 ,0.0257507, -0.0477363, 288.085
1542, 0.00376041 ,0.0257074, -0.0476545, 288.846
1543, 0.00387524 ,0.0254072, -0.0469391, 287.948
1544, 0.00393425 ,0.0251018, -0.0462693, 282.793
1545, 0.00381209 ,0.0249124, -0.0460128, 277.733
1546, 0.00364668 ,0.0248405, -0.0460343, 275.642
1547, 0.0037184 ,0.0249622, -0.046206, 275.752
1548, 0.00382115 ,0.0250805, -0.0463399, 277.007
1549, 0.00387622 ,0.0250847, -0.0462933, 277.893
1550, 0.0038629 ,0.0252542, -0.0466455, 277.92
1551, 0.00372073 ,0.0254999, -0.0472791, 280.58
1552, 0.00378484 ,0.0256155, -0.0474462, 285.129
1553, 0.00404581 ,0.0255267, -0.0470077, 286.311
1554, 0.00412716 ,0.0254018, -0.0466763, 283.394
1555, 0.00401175 ,0.0252666, -0.0465215, 280.756
1556, 0.00388529 ,0.0252338, -0.0465823, 279.609
1557, 0.00399516 ,0.0254029, -0.0468107, 280.043
1558, 0.00394991 ,0.0255677, -0.0471854, 281.842
1559, 0.00378796 ,0.0256644, -0.0475408, 284.677
1560, 0.00366053 ,0.0256802, -0.0476998, 287.372
1561, 0.00376034 ,0.0256031, -0.0474459, 288.492
1562, 0.00392034 ,0.025392, -0.0468636, 286.51
1563, 0.00388076 ,0.0252656, -0.0466504, 282.456
1564, 0.00388665 ,0.0250773, -0.046268, 280.303
1565, 0.00400857 ,0.0248924, -0.0457762, 277.422
1566, 0.00382582 ,0.0249675, -0.0461091, 273.933
1567, 0.00342359 ,0.0253214, -0.0472191, 276.592
1568, 0.00346567 ,0.0256909, -0.0479161, 284.642
1569, 0.00355489 ,0.0258708, -0.0481866, 290.134
1570, 0.00366467 ,0.0259618, -0.048259, 292.401
1571, 0.00376255 ,0.0259274, -0.0480923, 292.954
1572, 0.00379531 ,0.0257727, -0.0477501, 291.733
1573, 0.00378896 ,0.025559, -0.0473291, 289.159
1574, 0.0038417 ,0.025277, -0.0467123, 285.77
1575, 0.00399226 ,0.0250846, -0.046177, 281.149
1576, 0.004168 ,0.0250315, -0.045895, 277.02
1577, 0.00396406 ,0.0250357, -0.0461074, 275.01
1578, 0.00378599 ,0.0251341, -0.0464821, 276.444
1579, 0.00373056 ,0.0252436, -0.0467566, 279.19
1580, 0.00353722 ,0.0253649, -0.0471925, 281.521
1581, 0.00334316 ,0.0254022, -0.0474612, 284.694
1582, 0.00346996 ,0.0253555, -0.047241, 286.654
1583, 0.00378412 ,0.0252556, -0.0467272, 284.957
1584, 0.00389218 ,0.0253621, -0.046832, 281.546
1585, 0.00376368 ,0.0254973, -0.047231, 282.114
1586, 0.00361603 ,0.0255032, -0.0473904, 284.928
1587, 0.00352733 ,0.0255191, -0.0475109, 286.357
1588, 0.00362126 ,0.0255777, -0.0475341, 287.163
1589, 0.00375137 ,0.0256588, -0.0475663, 287.466
1590, 0.00387452 ,0.025688, -0.0475016, 287.546
1591, 0.00393853 ,0.0257568, -0.0475751, 287.274
1592, 0.00402903 ,0.0256588, -0.0472887, 287.488
1593, 0.00417159 ,0.0254647, -0.0467578, 285.337
1594, 0.0041587 ,0.0254157, -0.0466728, 281.603
1595, 0.00403936 ,0.0254864, -0.0469334, 280.856
1596, 0.00382437 ,0.0254974, -0.0471705, 282.685
1597, 0.00362549 ,0.0255918, -0.0475581, 284.673
1598, 0.00334256 ,0.0257806, -0.0482187, 287.809
1599, 0.0031605 ,0.0259807, -0.0488009, 292.771
1600, 0.00308711 ,0.0260168, -0.0489466, 297.124
1601, 0.00314763 ,0.0258735, -0.0485994, 298.244
1602, 0.00328983 ,0.0256416, -0.0479933, 295.62
1603, 0.00346107 ,0.0255639, -0.0476666, 291.19
1604, 0.00362204 ,0.0256808, -0.0477395, 288.669
1605, 0.00363349 ,0.0257737, -0.047914, 289.061
1606, 0.0037396 ,0.0258144, -0.0478891, 290.268
1607, 0.00399706 ,0.0257476, -0.047498, 289.972
1608, 0.00422273 ,0.0255993, -0.0469758, 287.052
1609, 0.00426698 ,0.0255212, -0.0467754, 283.185
1610, 0.00416424 ,0.0255807, -0.0469972, 281.767
1611, 0.00421037 ,0.0256019, -0.0469933, 283.073
1612, 0.00430759 ,0.0255973, -0.0468871, 283.142
1613, 0.00407049 ,0.0256391, -0.0472076, 282.646
1614, 0.00375117 ,0.0257009, -0.0476506, 285.001
1615, 0.00370478 ,0.0256406, -0.0475764, 288.119
1616, 0.00371801 ,0.0255226, -0.0473271, 287.841
1617, 0.00390264 ,0.0254431, -0.0469835, 285.914
1618, 0.00403471 ,0.0253503, -0.0466658, 283.187
1619, 0.00398038 ,0.0255114, -0.0470424, 281.113
1620, 0.00390146 ,0.0257581, -0.0476147, 283.671
1621, 0.00393402 ,0.0258512, -0.0477684, 287.909
1622, 0.00415569 ,0.0256351, -0.0471145, 288.841
1623, 0.00425358 ,0.025259, -0.0462643, 284.097
1624, 0.00418435 ,0.0251488, -0.0461132, 277.981
1625, 0.00403377 ,0.0253169, -0.0466, 276.711
1626, 0.00387246 ,0.0255625, -0.0472524, 280.268
1627, 0.00370119 ,0.0257248, -0.0477484, 285.22
1628, 0.00353462 ,0.0257963, -0.0480581, 289.126
1629, 0.00352987 ,0.0257881, -0.0480463, 291.458
1630, 0.00379068 ,0.0257454, -0.0477002, 291.35
1631, 0.00397182 ,0.025625, -0.0472781, 288.754
1632, 0.00389931 ,0.0255945, -0.0472898, 285.724
1633, 0.00377386 ,0.0257521, -0.0477304, 285.797
1634, 0.00354977 ,0.0258972, -0.0482446, 289.071
1635, 0.00347236 ,0.0259669, -0.0484614, 292.889
1636, 0.00356115 ,0.0258594, -0.0481576, 294.446
1637, 0.00380945 ,0.0257509, -0.0476923, 292.265
1638, 0.00389868 ,0.0255429, -0.0471871, 288.716
1639, 0.00408418 ,0.0251548, -0.0462255, 284.429
1640, 0.00431555 ,0.0249429, -0.0455703, 277.391
1641, 0.00436286 ,0.0251242, -0.0458855, 272.739
1642, 0.00433314 ,0.0254194, -0.0465056, 274.646
1643, 0.00408684 ,0.0257905, -0.0474941, 279.743
1644, 0.00392097 ,0.0259501, -0.0479793, 286.767
1645, 0.00382715 ,0.0260252, -0.0482232, 290.83
1646, 0.00378106 ,0.0259375, -0.0480939, 292.572
1647, 0.00383478 ,0.0258174, -0.0478, 291.578
1648, 0.00388752 ,0.0258775, -0.0478675, 289.793
1649, 0.004079 ,0.0258411, -0.0476032, 289.826
1650, 0.00402622 ,0.025797, -0.0475677, 288.155
1651, 0.00377041 ,0.0257938, -0.0478171, 287.964
1652, 0.00382735 ,0.0256867, -0.0475461, 289.381
1653, 0.00387379 ,0.0255282, -0.0471826, 287.564
1654, 0.00365439 ,0.0255051, -0.0473558, 285.054
1655, 0.00331598 ,0.0256016, -0.0478871, 286.345
1656, 0.00308522 ,0.025617, -0.0481488, 290.083
1657, 0.00309739 ,0.0255616, -0.0480258, 292.142
1658, 0.00334476 ,0.0253744, -0.0474041, 291.072
1659, 0.003787 ,0.0252166, -0.0466463, 286.339
1660, 0.00405879 ,0.0251701, -0.0462814, 280.737
1661, 0.00416492 ,0.0252272, -0.0462895, 277.912
1662, 0.00424189 ,0.0251955, -0.0461492, 277.6
1663, 0.00430999 ,0.025169, -0.0460281, 276.626
1664, 0.00427088 ,0.0252409, -0.0462109, 275.838
1665, 0.00422104 ,0.0253174, -0.0464138, 277.176
1666, 0.00424385 ,0.0252909, -0.0463379, 278.578
1667, 0.00398285 ,0.0252099, -0.046437, 278.306
1668, 0.00374039 ,0.0252583, -0.0467762, 279.064
1669, 0.00361306 ,0.0253925, -0.047172, 281.601
1670, 0.00367404 ,0.0256072, -0.0475404, 284.56
1671, 0.00365832 ,0.0258701, -0.048082, 287.634
1672, 0.00363937 ,0.0260081, -0.0483767, 291.536
1673, 0.00372616 ,0.0260533, -0.0483804, 293.897
1674, 0.00384318 ,0.0259771, -0.048111, 293.963
1675, 0.00388959 ,0.0257328, -0.047576, 291.842
1676, 0.00382734 ,0.0255379, -0.0472485, 288.018
1677, 0.00382355 ,0.0254619, -0.0471003, 285.409
1678, 0.00405079 ,0.0254906, -0.0469304, 284.075
1679, 0.00402916 ,0.0256438, -0.0472585, 283.029
1680, 0.00385378 ,0.0258549, -0.047856, 285.441
1681, 0.00383668 ,0.0259122, -0.0479877, 289.705
1682, 0.00381466 ,0.02583, -0.0478454, 290.854
1683, 0.00362099 ,0.0257377, -0.0478544, 289.979
1684, 0.00355151 ,0.0258165, -0.0480815, 290.075
1685, 0.0035916 ,0.0259208, -0.04825, 291.709
1686, 0.00383297 ,0.0258508, -0.0478687, 292.65
1687, 0.00390762 ,0.0255785, -0.0472493, 289.874
1688, 0.00379467 ,0.0254188, -0.0470428, 285.319
1689, 0.00337912 ,0.0253941, -0.0474092, 283.881
1690, 0.00315747 ,0.0253887, -0.0476199, 286.362
1691, 0.00343155 ,0.025348, -0.0472645, 287.872
1692, 0.00382854 ,0.0251878, -0.046547, 285.082
1693, 0.00381762 ,0.0252312, -0.0466447, 280.28
1694, 0.00365043 ,0.0254495, -0.0472485, 280.808
1695, 0.00339637 ,0.0254914, -0.0475864, 285.026
1696, 0.00335093 ,0.0254891, -0.0476272, 287.76
1697, 0.00355363 ,0.0253502, -0.0471467, 287.852
1698, 0.00402076 ,0.0251795, -0.0463383, 284.208
1699, 0.0041676 ,0.0250648, -0.045962, 278.287
1700, 0.00405236 ,0.0252384, -0.0464245, 275.675
1701, 0.00379352 ,0.0253726, -0.0469517, 278.846
1702, 0.00359402 ,0.0253251, -0.0470562, 282.719
1703, 0.00336573 ,0.025219, -0.0470722, 283.753
1704, 0.00325174 ,0.0252064, -0.0471611, 283.879
1705, 0.00343496 ,0.0254063, -0.0473777, 284.661
1706, 0.00347138 ,0.0256575, -0.0478436, 286.476
1707, 0.00354575 ,0.0258242, -0.0481026, 289.823
1708, 0.00368385 ,0.0257767, -0.0478696, 291.628
1709, 0.00368187 ,0.0257122, -0.0477426, 290.191
1710, 0.00352758 ,0.0256672, -0.0478068, 289.198
1711, 0.00338869 ,0.025614, -0.0478393, 289.532
1712, 0.00338765 ,0.0255036, -0.0476195, 289.683
1713, 0.0036109 ,0.0251895, -0.0467681, 287.713
1714, 0.00380246 ,0.0248823, -0.0459622, 281.393
1715, 0.00360228 ,0.0249101, -0.046218, 275.765
1716, 0.00358576 ,0.0252074, -0.046829, 277.26
1717, 0.00367978 ,0.0253272, -0.0469746, 281.57
1718, 0.00403101 ,0.0254809, -0.0469308, 282.917
1719, 0.0041317 ,0.0256892, -0.0472467, 282.906
1720, 0.00390688 ,0.0259017, -0.0478965, 285.357
1721, 0.00366904 ,0.0260539, -0.0484387, 290.22
1722, 0.00366241 ,0.0261146, -0.0485667, 294.285
1723, 0.00362342 ,0.0260351, -0.0484468, 295.419
1724, 0.0036209 ,0.0259044, -0.0481879, 294.487
1725, 0.0037782 ,0.0258136, -0.0478489, 292.454
1726, 0.00374089 ,0.0257732, -0.0478055, 290.068
1727, 0.00356199 ,0.0258744, -0.0481867, 289.846
1728, 0.00361651 ,0.0260596, -0.0485026, 292.559
1729, 0.00383823 ,0.0260698, -0.0483014, 294.76
1730, 0.00411957 ,0.0259235, -0.0477274, 293.246
1731, 0.00434105 ,0.025766, -0.047191, 288.91
1732, 0.00435405 ,0.0257109, -0.0470677, 284.935
1733, 0.00395505 ,0.0256157, -0.0472764, 283.842
1734, 0.00352836 ,0.0256784, -0.0478284, 285.65
1735, 0.00340424 ,0.0257129, -0.0480216, 289.494
1736, 0.0033626 ,0.0257109, -0.0480592, 291.246
1737, 0.00331916 ,0.025781, -0.0482428, 291.749
1738, 0.00331252 ,0.0257654, -0.0482182, 292.933
1739, 0.00330707 ,0.0256393, -0.0479714, 292.744
1740, 0.00340023 ,0.0254665, -0.0475327, 290.809
1741, 0.00380679 ,0.0254018, -0.0469969, 287.412
1742, 0.00415301 ,0.0254415, -0.04673, 283.53
1743, 0.00434226 ,0.0254264, -0.0465106, 281.197
1744, 0.00423181 ,0.0255675, -0.0469031, 279.926
1745, 0.00393136 ,0.0258253, -0.0477193, 282.902
1746, 0.00386136 ,0.0259019, -0.0479424, 288.664
1747, 0.00395432 ,0.0258568, -0.0477592, 290.51
1748, 0.00405705 ,0.0257755, -0.0474939, 289.22
1749, 0.00410283 ,0.025602, -0.0471012, 287.16
1750, 0.00418179 ,0.0254599, -0.046738, 284.151
1751, 0.00407878 ,0.0254027, -0.0467266, 281.47
1752, 0.00424061 ,0.0255023, -0.0467641, 281.27
1753, 0.0046665 ,0.0254129, -0.0461593, 281.007
1754, 0.0047361 ,0.0254201, -0.0461042, 277.157
1755, 0.00436839 ,0.0253804, -0.0463924, 276.572
1756, 0.004119 ,0.0251286, -0.0461383, 278.336
1757, 0.00407702 ,0.0248481, -0.0456192, 276.573
1758, 0.00421003 ,0.0247723, -0.0453347, 272.761
1759, 0.00424213 ,0.0249633, -0.0456846, 270.754
1760, 0.00406423 ,0.0253007, -0.0465371, 273.409
1761, 0.00383606 ,0.0255843, -0.0473325, 279.698
1762, 0.00363963 ,0.0258081, -0.0479765, 285.922
1763, 0.00348598 ,0.0258699, -0.0482538, 290.789
1764, 0.00348894 ,0.0258338, -0.0481787, 292.914
1765, 0.00346446 ,0.0258512, -0.0482379, 292.588
1766, 0.00335137 ,0.0258755, -0.0483997, 293
1767, 0.00340141 ,0.0258845, -0.0483676, 294.114
1768, 0.00341368 ,0.025844, -0.0482743, 293.948
1769, 0.00323375 ,0.0258226, -0.0484115, 293.404
1770, 0.0029687 ,0.0257784, -0.048588, 294.4
1771, 0.0029102 ,0.0255739, -0.0482376, 295.417
1772, 0.00311981 ,0.025442, -0.0477642, 292.969
1773, 0.00319917 ,0.0254934, -0.0477877, 289.613
1774, 0.00312955 ,0.0257249, -0.0483202, 289.771
1775, 0.0032922 ,0.0259541, -0.0486161, 293.556
1776, 0.00388193 ,0.0257924, -0.0477029, 295.161
1777, 0.00415415 ,0.0254777, -0.0468013, 288.759
1778, 0.00394497 ,0.0253218, -0.0466985, 282.11
1779, 0.00382056 ,0.0253011, -0.0467816, 280.978
1780, 0.00370494 ,0.02535, -0.046995, 281.714
1781, 0.00357601 ,0.0254845, -0.047393, 283.39
1782, 0.00348829 ,0.0256765, -0.0478647, 286.481
1783, 0.00341061 ,0.025756, -0.0481014, 289.955
1784, 0.00339441 ,0.0256954, -0.0479963, 291.742
1785, 0.00347213 ,0.0255939, -0.0477157, 290.982
1786, 0.0037182 ,0.0255745, -0.0474309, 288.825
1787, 0.00382986 ,0.0255316, -0.0472334, 286.694
1788, 0.00375973 ,0.0254935, -0.0472272, 285.218
1789, 0.00365217 ,0.0256225, -0.0475928, 285.322
1790, 0.00368389 ,0.0257777, -0.0478715, 287.911
1791, 0.00394197 ,0.0257443, -0.0475466, 289.718
1792, 0.00414495 ,0.0256797, -0.0472145, 287.539
1793, 0.00420082 ,0.0256276, -0.0470544, 285.009
1794, 0.00407299 ,0.0254265, -0.0467799, 283.577
1795, 0.00395593 ,0.0252461, -0.0465363, 281.581
1796, 0.00380744 ,0.0251523, -0.0464971, 279.758
1797, 0.00357125 ,0.0251723, -0.0467733, 279.537
1798, 0.0035415 ,0.0253184, -0.0470953, 281.452
1799, 0.00364546 ,0.0255664, -0.0474874, 284.026
1800, 0.00368229 ,0.0256595, -0.0476367, 286.908
1801, 0.00363139 ,0.0255103, -0.0473892, 287.992
1802, 0.00381008 ,0.0254515, -0.0470928, 286.299
1803, 0.00387526 ,0.0253963, -0.0469174, 284.086
1804, 0.00378149 ,0.0252533, -0.0467251, 282.612
1805, 0.00374224 ,0.0252452, -0.0467482, 281.203
1806, 0.00377406 ,0.0254069, -0.0470397, 281.475
1807, 0.00383263 ,0.0255013, -0.04717, 283.476
1808, 0.00368858 ,0.0255483, -0.047408, 284.785
1809, 0.00359387 ,0.0255119, -0.04743, 286.416
1810, 0.0035495 ,0.0255017, -0.0474539, 286.769
1811, 0.00343605 ,0.0255661, -0.0476961, 287.077
1812, 0.0033067 ,0.0256186, -0.0479306, 288.814
1813, 0.0033694 ,0.0256419, -0.0479144, 290.488
1814, 0.00361706 ,0.0256363, -0.0476556, 290.356
1815, 0.00368904 ,0.0255609, -0.0474327, 288.467
1816, 0.00377868 ,0.0255593, -0.0473399, 286.777
1817, 0.00364785 ,0.0255126, -0.0473773, 285.992
1818, 0.00338251 ,0.0254867, -0.0475909, 286.401
1819, 0.0034512 ,0.0254793, -0.0475073, 287.764
1820, 0.00360302 ,0.0254545, -0.047306, 287.205
1821, 0.00350152 ,0.0255079, -0.0475143, 285.873
1822, 0.00330766 ,0.0255323, -0.0477569, 287.291
1823, 0.00348848 ,0.0253634, -0.0472383, 288.771
1824, 0.00380894 ,0.0250278, -0.0462467, 284.801
1825, 0.00394283 ,0.0248926, -0.0458423, 277.749
1826, 0.00401517 ,0.0249308, -0.0458465, 274.359
1827, 0.00400805 ,0.0250531, -0.0460982, 274.379
1828, 0.00378823 ,0.025151, -0.0465138, 276.226
1829, 0.0034444 ,0.0253782, -0.0473121, 279.701
1830, 0.00349678 ,0.0256351, -0.0477735, 285.548
1831, 0.00394653 ,0.0255958, -0.0472452, 288.792
1832, 0.00423213 ,0.0254471, -0.0466621, 285.177
1833, 0.00400418 ,0.0253445, -0.0466849, 281.027
1834, 0.00388822 ,0.025383, -0.0468778, 280.916
1835, 0.00376064 ,0.0255619, -0.0473633, 282.594
1836, 0.00368064 ,0.0256104, -0.0475401, 285.953
1837, 0.00362685 ,0.0255056, -0.0473843, 287.362
1838, 0.00367805 ,0.0255922, -0.0475063, 286.53
1839, 0.00351408 ,0.0256354, -0.0477567, 287.327
1840, 0.00343733 ,0.0255886, -0.04774, 289.146
1841, 0.00369863 ,0.025373, -0.0470473, 288.771
1842, 0.0040241 ,0.0251495, -0.0462749, 283.715
1843, 0.00406278 ,0.025173, -0.0462833, 278.209
1844, 0.00412025 ,0.0253068, -0.0464933, 277.898
1845, 0.00426898 ,0.0252905, -0.046312, 279.112
1846, 0.00427088 ,0.0253914, -0.046512, 278.19
1847, 0.00412214 ,0.0255293, -0.0469364, 279.63
1848, 0.0040775 ,0.0255043, -0.0469312, 282.546
1849, 0.00407304 ,0.0255059, -0.0469388, 282.799
1850, 0.00370966 ,0.0255917, -0.0474738, 283.159
1851, 0.00347177 ,0.0257222, -0.0479726, 286.966
1852, 0.00361937 ,0.0256516, -0.0476838, 290.469
1853, 0.00396286 ,0.0253656, -0.0467684, 288.258
1854, 0.00392912 ,0.0251681, -0.0464072, 281.807
1855, 0.00379256 ,0.0252262, -0.0466598, 279.01
1856, 0.00379433 ,0.0252292, -0.0466641, 280.459
1857, 0.00384394 ,0.0252752, -0.0467065, 280.699
1858, 0.00364666 ,0.0254318, -0.0472169, 281.356
1859, 0.00340218 ,0.0253979, -0.0473937, 284.822
1860, 0.00354672 ,0.0252589, -0.0469711, 286.105
1861, 0.00386371 ,0.0251406, -0.0464175, 283.059
1862, 0.00402462 ,0.025051, -0.0460773, 278.906
1863, 0.00405903 ,0.0250696, -0.0460803, 276.343
1864, 0.00411598 ,0.0250746, -0.0460331, 276.032
1865, 0.00392585 ,0.0249744, -0.046023, 275.821
1866, 0.00387002 ,0.025, -0.04613, 275.666
1867, 0.00380911 ,0.0251912, -0.0465732, 276.777
1868, 0.00385982 ,0.0253357, -0.0468117, 279.909
1869, 0.00396894 ,0.0252924, -0.0466158, 281.634
1870, 0.00398474 ,0.0253483, -0.0467118, 280.507
1871, 0.00370985 ,0.0255519, -0.047394, 281.498
1872, 0.00361082 ,0.025583, -0.0475551, 286.059
1873, 0.00362305 ,0.0255678, -0.0475126, 287.6
1874, 0.00352822 ,0.0256022, -0.0476761, 287.509
1875, 0.00349279 ,0.0256273, -0.0477618, 288.55
1876, 0.00348948 ,0.0256289, -0.0477683, 289.192
1877, 0.00336203 ,0.0256273, -0.0478926, 289.39
1878, 0.00333709 ,0.0256688, -0.0480004, 290.314
1879, 0.00347684 ,0.0255997, -0.0477226, 290.898
1880, 0.00352134 ,0.0255455, -0.0475697, 289.078
1881, 0.00343557 ,0.0255277, -0.0476199, 287.945
1882, 0.00371184 ,0.0253896, -0.0470674, 287.823
1883, 0.00408433 ,0.0251489, -0.0462135, 283.649
1884, 0.00424118 ,0.0250295, -0.0458178, 277.531
1885, 0.00437149 ,0.0248384, -0.0453052, 273.98
1886, 0.00426539 ,0.0247623, -0.0452592, 270.374
1887, 0.00401509 ,0.0250886, -0.0461621, 270.316
1888, 0.00372566 ,0.0255115, -0.0472974, 276.971
1889, 0.0036045 ,0.0257322, -0.0478599, 285.431
1890, 0.00373165 ,0.0256225, -0.0475134, 289.609
1891, 0.00395437 ,0.025478, -0.0470016, 287.397
1892, 0.00418312 ,0.0253418, -0.0465005, 283.425
1893, 0.00436696 ,0.0253211, -0.0462753, 279.662
1894, 0.00418049 ,0.025422, -0.0466635, 278.147
1895, 0.00379918 ,0.0255055, -0.0472118, 280.85
1896, 0.00360678 ,0.0256451, -0.0476835, 285.061
1897, 0.00357855 ,0.0256508, -0.0477231, 288.504
1898, 0.00355838 ,0.0255046, -0.0474508, 288.886
1899, 0.00347312 ,0.0253317, -0.0471902, 286.955
1900, 0.00367153 ,0.0251863, -0.0467011, 284.66
1901, 0.00369634 ,0.0250325, -0.0463687, 281.175
1902, 0.00391086 ,0.0249602, -0.0460095, 278.353
1903, 0.00405869 ,0.0248869, -0.0457152, 275.689
1904, 0.00413928 ,0.024814, -0.0454887, 273.375
1905, 0.00414655 ,0.0248404, -0.0455342, 271.654
1906, 0.00399381 ,0.0251101, -0.0462264, 272.322
1907, 0.00397093 ,0.0253921, -0.0468134, 277.228
1908, 0.00430054 ,0.0255047, -0.0467089, 281.519
1909, 0.00475509 ,0.0254275, -0.0460998, 280.704
1910, 0.00466584 ,0.0254372, -0.0462086, 276.726
1911, 0.00435 ,0.0254911, -0.0466323, 277.191
1912, 0.0040779 ,0.0255601, -0.0470423, 280.402
1913, 0.00396762 ,0.025707, -0.0474463, 283.693
1914, 0.00410329 ,0.0257649, -0.0474265, 286.531
1915, 0.004161 ,0.0257498, -0.0473386, 286.679
1916, 0.00417281 ,0.0256756, -0.0471784, 285.94
1917, 0.00434271 ,0.0256204, -0.0468981, 284.691
1918, 0.00447858 ,0.0254966, -0.0465147, 282.482
1919, 0.00431139 ,0.0253217, -0.046332, 279.616
1920, 0.00398011 ,0.0253287, -0.0466772, 278.445
1921, 0.00369041 ,0.0253336, -0.0469768, 280.76
1922, 0.00370327 ,0.0254273, -0.0471513, 283.105
1923, 0.00410225 ,0.0255641, -0.047026, 284.344
1924, 0.0044673 ,0.0255602, -0.0466531, 283.396
1925, 0.00457589 ,0.0256333, -0.0466907, 280.91
1926, 0.00453093 ,0.0256016, -0.0466722, 280.9
1927, 0.00462532 ,0.0255441, -0.0464628, 280.634
1928, 0.00462777 ,0.0254377, -0.0462475, 279.141
1929, 0.00463392 ,0.0253961, -0.0461583, 277.498
1930, 0.00427971 ,0.0255794, -0.0468791, 277.281
1931, 0.00371798 ,0.0257628, -0.0478075, 282.489
1932, 0.00331736 ,0.0258265, -0.0483356, 289.435
1933, 0.00316884 ,0.0257462, -0.0483236, 293.472
1934, 0.00314433 ,0.0256663, -0.0481882, 293.659
1935, 0.00319734 ,0.0257187, -0.04824, 292.76
1936, 0.00328732 ,0.0258451, -0.0484028, 293.142
1937, 0.00337517 ,0.0258645, -0.0483538, 294.18
1938, 0.00338058 ,0.0257507, -0.0481207, 293.894
1939, 0.00348808 ,0.0255714, -0.0476548, 292.007
1940, 0.00364034 ,0.025437, -0.0472337, 288.565
1941, 0.00380949 ,0.0253568, -0.046904, 285.281
1942, 0.00398275 ,0.0253389, -0.0466949, 282.654
1943, 0.00390787 ,0.0254018, -0.0468957, 281.208
1944, 0.00374414 ,0.0255489, -0.0473538, 282.687
1945, 0.00379745 ,0.0256498, -0.0475021, 285.926
1946, 0.00413802 ,0.0255816, -0.0470251, 286.899
1947, 0.0042433 ,0.0254597, -0.046676, 283.52
1948, 0.00395161 ,0.0256462, -0.0473409, 281.435
1949, 0.00375033 ,0.0258889, -0.0480275, 285.944
1950, 0.00358314 ,0.0259452, -0.0483072, 291.179
1951, 0.00360207 ,0.0258172, -0.0480322, 293.325
1952, 0.00388686 ,0.0255316, -0.0471763, 291.064
1953, 0.00422843 ,0.0254327, -0.046637, 284.867
1954, 0.00428264 ,0.025547, -0.0468114, 280.85
1955, 0.00409596 ,0.0256902, -0.0472844, 281.882
1956, 0.00377529 ,0.0258849, -0.0479945, 285.705
1957, 0.00357346 ,0.0259066, -0.0482397, 290.817
1958, 0.00358338 ,0.0258023, -0.0480213, 292.82
1959, 0.00359883 ,0.0256884, -0.047778, 291.424
1960, 0.0036904 ,0.0256429, -0.0475953, 289.56
1961, 0.00365966 ,0.0255483, -0.047437, 288.134
1962, 0.00380125 ,0.0254446, -0.0470879, 286.729
1963, 0.00397446 ,0.02528, -0.0465855, 284.065
1964, 0.00413968 ,0.0250291, -0.0459186, 280.075
1965, 0.00420376 ,0.0249165, -0.0456292, 275.24
1966, 0.00416144 ,0.0250323, -0.0459031, 273.021
1967, 0.00391217 ,0.0252218, -0.0465315, 275.028
1968, 0.00355467 ,0.025319, -0.0470833, 279.685
1969, 0.00355135 ,0.0254093, -0.0472672, 283.833
1970, 0.0037493 ,0.0253537, -0.0469581, 285.199
1971, 0.00399072 ,0.0252316, -0.0464725, 282.943
1972, 0.00401905 ,0.0253106, -0.0466022, 279.586
1973, 0.00374585 ,0.0255685, -0.0473911, 280.647
1974, 0.00350799 ,0.0257633, -0.0480187, 286.312
1975, 0.00353048 ,0.0257463, -0.0479622, 290.927
1976, 0.00371399 ,0.0255102, -0.0473064, 290.565
1977, 0.00389883 ,0.0252985, -0.0466981, 285.706
1978, 0.00388429 ,0.0253294, -0.0467745, 281.379
1979, 0.00400142 ,0.0255395, -0.0470776, 281.688
1980, 0.00411393 ,0.0257461, -0.0473783, 283.947
1981, 0.00404658 ,0.0258507, -0.0476549, 286.307
1982, 0.00393654 ,0.025902, -0.0478674, 288.419
1983, 0.00380837 ,0.0259334, -0.0480584, 290.036
1984, 0.00367869 ,0.0261044, -0.0485301, 291.759
1985, 0.00353153 ,0.026238, -0.0489444, 295.244
1986, 0.00354617 ,0.0262337, -0.0489213, 298.278
1987, 0.00368863 ,0.0261949, -0.0487011, 298.25
1988, 0.00357423 ,0.0261464, -0.0487185, 296.706
1989, 0.00311126 ,0.0261782, -0.0492451, 297.078
1990, 0.00282757 ,0.0260909, -0.0493543, 300.543
1991, 0.00284704 ,0.0259164, -0.0489857, 301.389
1992, 0.00304679 ,0.0258555, -0.0486642, 298.889
1993, 0.00327131 ,0.0257184, -0.0481655, 296.203
1994, 0.00356319 ,0.0255021, -0.047441, 292.367
1995, 0.00401648 ,0.0252794, -0.0465424, 286.669
1996, 0.00437539 ,0.0252369, -0.0460983, 280.078
1997, 0.00442092 ,0.0253711, -0.0463212, 276.705
1998, 0.00420247 ,0.0255927, -0.046983, 278.365
1999, 0.00403815 ,0.0258311, -0.047624, 283.186
