The system temp is: 4.14293 
The final system temp is: 2.38868 
Fx(N),            Fy(N),            Fz(N)
4.62579e-11,    1.52327e-10,    4.62579e-11
-1.13691e-10,    3.37526e-10,    -1.13691e-10
-9.19339e-11,    -5.74182e-11,    -9.19339e-11
-1.35344e-10,    4.08971e-11,    -1.35344e-10
-5.50804e-11,    -2.34738e-11,    -5.50804e-11
3.9937e-10,    -1.54103e-10,    3.9937e-10
3.09318e-11,    -1.47651e-10,    3.09318e-11
-7.60022e-11,    1.43378e-12,    -7.60022e-11
1.80563e-10,    -1.46644e-10,    1.80563e-10
-1.80117e-10,    5.16671e-11,    -1.80117e-10
-7.16491e-10,    -1.88441e-10,    -7.16491e-10
-4.56586e-10,    -7.40903e-11,    -4.56586e-10
3.70555e-11,    -1.78752e-10,    3.70555e-11
1.84664e-10,    -6.68679e-11,    1.84664e-10
-2.13727e-11,    1.0034e-10,    -2.13727e-11
1.58827e-10,    -2.64961e-10,    1.58827e-10
-2.92591e-10,    4.65416e-10,    -2.92591e-10
-2.85515e-11,    -2.28773e-11,    -2.85515e-11
2.78317e-11,    2.3219e-11,    2.78317e-11
-5.95317e-11,    3.40152e-12,    -5.95317e-11
6.93954e-11,    1.9017e-10,    6.93954e-11
4.77587e-12,    5.9291e-12,    4.77587e-12
-3.98307e-10,    -4.50661e-11,    -3.98307e-10
-4.12107e-12,    1.3038e-11,    -4.12107e-12
4.2473e-11,    -1.7258e-10,    4.2473e-11
-4.35348e-10,    -3.11924e-10,    -4.35348e-10
2.09912e-10,    3.90935e-10,    2.09912e-10
-1.5781e-10,    -3.24682e-11,    -1.5781e-10
4.32954e-10,    1.49728e-11,    4.32954e-10
-3.70529e-11,    3.75623e-11,    -3.70529e-11
3.84215e-11,    4.34469e-11,    3.84215e-11
6.0434e-11,    -1.03512e-10,    6.0434e-11
4.8772e-11,    -8.47587e-11,    4.8772e-11
-9.5229e-11,    -3.44809e-11,    -9.5229e-11
2.83451e-10,    -4.70087e-10,    2.83451e-10
-2.45003e-11,    -7.66385e-11,    -2.45003e-11
-9.28486e-11,    -1.33822e-10,    -9.28486e-11
7.38849e-11,    -1.28176e-10,    7.38849e-11
1.12609e-10,    -2.53758e-10,    1.12609e-10
-4.2174e-11,    1.33917e-10,    -4.2174e-11
1.52065e-10,    7.22127e-11,    1.52065e-10
-1.07085e-09,    3.86121e-10,    -1.07085e-09
4.20373e-12,    -1.83985e-10,    4.20373e-12
-1.87271e-11,    1.52023e-11,    -1.87271e-11
2.66566e-10,    -2.35121e-11,    2.66566e-10
1.99452e-11,    -9.47077e-11,    1.99452e-11
-1.01251e-10,    8.4688e-11,    -1.01251e-10
-3.46155e-11,    -5.16766e-11,    -3.46155e-11
2.16689e-11,    -9.13351e-11,    2.16689e-11
9.87898e-12,    -1.0303e-10,    9.87898e-12
-7.46104e-11,    -4.0103e-11,    -7.46104e-11
-9.49478e-11,    -1.12614e-10,    -9.49478e-11
1.36821e-10,    1.96384e-10,    1.36821e-10
-3.59875e-10,    -2.01992e-12,    -3.59875e-10
6.71818e-12,    7.174e-11,    6.71818e-12
-1.59933e-10,    -2.4389e-10,    -1.59933e-10
1.6713e-10,    1.81398e-11,    1.6713e-10
-1.57899e-10,    2.00069e-11,    -1.57899e-10
-1.10463e-10,    -1.58421e-10,    -1.10463e-10
2.3499e-10,    7.33295e-11,    2.3499e-10
-1.91204e-10,    -8.12334e-12,    -1.91204e-10
1.06731e-09,    -1.3274e-10,    1.06731e-09
3.20967e-10,    -1.4198e-10,    3.20967e-10
8.09977e-11,    -4.79262e-11,    8.09977e-11
-6.79251e-12,    -1.73482e-11,    -6.79251e-12
-2.13526e-10,    1.04175e-10,    -2.13526e-10
-3.95416e-11,    1.58847e-12,    -3.95416e-11
1.22858e-10,    -8.96544e-11,    1.22858e-10
-2.69932e-11,    2.15428e-10,    -2.69932e-11
-1.68828e-10,    4.21158e-11,    -1.68828e-10
-6.79925e-11,    1.07403e-10,    -6.79925e-11
5.84761e-11,    -5.50807e-11,    5.84761e-11
1.68158e-12,    -2.54458e-11,    1.68158e-12
1.69337e-10,    8.75979e-11,    1.69337e-10
-1.03196e-11,    1.05133e-11,    -1.03196e-11
1.09323e-09,    -2.60533e-10,    1.09323e-09
-1.19127e-10,    -8.73826e-11,    -1.19127e-10
-5.41769e-11,    -1.26891e-12,    -5.41769e-11
2.69278e-11,    1.92287e-10,    2.69278e-11
1.90228e-11,    2.89371e-11,    1.90228e-11
-2.26903e-10,    3.02897e-10,    -2.26903e-10
4.11741e-11,    -1.16591e-10,    4.11741e-11
-2.14073e-10,    -2.12438e-10,    -2.14073e-10
5.58866e-11,    -1.69498e-10,    5.58866e-11
4.4862e-10,    4.47698e-10,    4.4862e-10
-3.61245e-11,    1.30846e-10,    -3.61245e-11
-1.90805e-10,    2.15016e-10,    -1.90805e-10
1.95124e-10,    -3.13245e-10,    1.95124e-10
4.57826e-11,    2.32736e-10,    4.57826e-11
-2.38723e-10,    4.43005e-11,    -2.38723e-10
6.71801e-10,    -1.10597e-10,    6.71801e-10
4.28544e-11,    8.63878e-11,    4.28544e-11
8.70834e-12,    -6.47758e-12,    8.70834e-12
-6.95601e-11,    -1.10169e-10,    -6.95601e-11
2.64381e-11,    2.77418e-11,    2.64381e-11
-1.13622e-09,    -4.24584e-10,    -1.13622e-09
9.26916e-11,    2.54139e-11,    9.26916e-11
-1.05346e-10,    -4.94686e-10,    -1.05346e-10
-1.35466e-10,    -7.47011e-11,    -1.35466e-10
-8.52019e-11,    3.33854e-11,    -8.52019e-11
-4.41999e-11,    -1.34417e-11,    -4.41999e-11
-2.00317e-11,    -7.50781e-11,    -2.00317e-11
3.24761e-11,    1.64352e-10,    3.24761e-11
1.39669e-10,    -3.58769e-11,    1.39669e-10
2.72291e-10,    1.43155e-11,    2.72291e-10
1.56271e-10,    1.98705e-10,    1.56271e-10
-5.73826e-11,    -9.77489e-11,    -5.73826e-11
1.4038e-10,    8.23757e-11,    1.4038e-10
-6.28594e-11,    -1.35096e-10,    -6.28594e-11
4.50339e-10,    1.37718e-10,    4.50339e-10
1.39524e-10,    -2.564e-11,    1.39524e-10
1.83875e-10,    -9.46546e-11,    1.83875e-10
9.60736e-15,    -7.46963e-11,    9.60736e-15
1.54357e-10,    -4.28654e-10,    1.54357e-10
-1.77163e-10,    5.03695e-10,    -1.77163e-10
-1.72294e-10,    1.42498e-10,    -1.72294e-10
-2.92315e-10,    -2.11205e-10,    -2.92315e-10
-6.14107e-11,    -1.55201e-10,    -6.14107e-11
6.99768e-11,    1.04891e-10,    6.99768e-11
1.70714e-10,    6.50183e-11,    1.70714e-10
2.37234e-11,    4.05256e-11,    2.37234e-11
-5.69153e-11,    6.1222e-11,    -5.69153e-11
-8.27857e-12,    -2.31548e-10,    -8.27857e-12
-1.11788e-10,    1.00264e-10,    -1.11788e-10
1.22882e-10,    2.55403e-10,    1.22882e-10
-1.47723e-10,    -1.52597e-10,    -1.47723e-10
2.333e-10,    -1.82973e-10,    2.333e-10
-2.15245e-10,    -6.48563e-11,    -2.15245e-10
2.13882e-11,    -8.27362e-11,    2.13882e-11
-2.40211e-10,    1.794e-10,    -2.40211e-10
1.78937e-12,    -2.04921e-11,    1.78937e-12
-3.34719e-12,    -1.30363e-10,    -3.34719e-12
-9.64365e-11,    1.64518e-10,    -9.64365e-11
3.4499e-11,    -6.81624e-12,    3.4499e-11
-4.52966e-11,    -7.2776e-11,    -4.52966e-11
-9.1481e-11,    8.92839e-11,    -9.1481e-11
-1.16284e-10,    -2.42972e-11,    -1.16284e-10
-8.44035e-11,    1.44534e-12,    -8.44035e-11
1.78002e-11,    2.62372e-11,    1.78002e-11
4.42011e-11,    -4.85374e-11,    4.42011e-11
5.17322e-12,    3.4485e-11,    5.17322e-12
-1.41553e-10,    1.41825e-10,    -1.41553e-10
-8.35432e-12,    1.6603e-10,    -8.35432e-12
2.84467e-11,    -4.03354e-11,    2.84467e-11
2.05459e-12,    -1.69014e-11,    2.05459e-12
9.18829e-11,    -5.37141e-11,    9.18829e-11
-3.29372e-11,    2.46525e-11,    -3.29372e-11
4.31553e-11,    -1.24242e-10,    4.31553e-11
2.82475e-11,    -1.77813e-10,    2.82475e-11
1.48069e-11,    1.79958e-12,    1.48069e-11
1.98442e-10,    6.01245e-11,    1.98442e-10
-1.8621e-10,    -2.98028e-11,    -1.8621e-10
-4.97972e-11,    -9.16423e-11,    -4.97972e-11
-1.3034e-12,    3.82011e-11,    -1.3034e-12
5.29485e-11,    8.4631e-12,    5.29485e-11
3.2556e-11,    -4.30762e-11,    3.2556e-11
6.97758e-11,    -7.35745e-11,    6.97758e-11
-6.37842e-11,    3.39636e-11,    -6.37842e-11
2.86296e-11,    -2.25186e-11,    2.86296e-11
-3.62335e-12,    -1.09568e-10,    -3.62335e-12
-2.85417e-11,    -3.8547e-11,    -2.85417e-11
3.88981e-11,    -7.71129e-11,    3.88981e-11
-2.51204e-10,    8.46786e-11,    -2.51204e-10
6.26854e-11,    -1.12579e-10,    6.26854e-11
2.13878e-11,    -5.94564e-11,    2.13878e-11
9.37978e-11,    -3.06801e-10,    9.37978e-11
-9.99474e-11,    -1.45683e-10,    -9.99474e-11
1.8887e-10,    1.68907e-10,    1.8887e-10
7.63291e-11,    -1.78267e-10,    7.63291e-11
-5.84723e-12,    1.79737e-10,    -5.84723e-12
-5.80405e-10,    -2.49259e-11,    -5.80405e-10
-1.48696e-10,    2.01671e-10,    -1.48696e-10
1.06264e-10,    6.14427e-11,    1.06264e-10
-2.78753e-11,    -6.02471e-11,    -2.78753e-11
1.1635e-10,    -3.12352e-10,    1.1635e-10
-1.26773e-11,    7.96013e-11,    -1.26773e-11
1.40753e-10,    4.85963e-10,    1.40753e-10
1.18751e-10,    -7.59956e-11,    1.18751e-10
-7.77202e-11,    -4.00018e-11,    -7.77202e-11
2.6042e-10,    -2.8188e-11,    2.6042e-10
1.63446e-10,    1.37165e-10,    1.63446e-10
-1.01133e-10,    1.80631e-10,    -1.01133e-10
4.54597e-11,    -3.65218e-11,    4.54597e-11
9.70245e-11,    -1.59331e-11,    9.70245e-11
-1.15151e-10,    -8.81454e-11,    -1.15151e-10
-4.92494e-11,    -5.04103e-11,    -4.92494e-11
1.41539e-10,    1.09922e-10,    1.41539e-10
-8.3692e-12,    -3.96527e-11,    -8.3692e-12
-1.24212e-10,    -3.28005e-12,    -1.24212e-10
-7.66602e-11,    -1.43359e-10,    -7.66602e-11
-7.51968e-11,    -1.1138e-11,    -7.51968e-11
-1.29816e-10,    6.41592e-11,    -1.29816e-10
2.98898e-11,    -4.7261e-11,    2.98898e-11
1.96555e-10,    -7.95169e-11,    1.96555e-10
-7.21784e-11,    2.72767e-10,    -7.21784e-11
3.13752e-12,    -7.77354e-11,    3.13752e-12
9.71172e-11,    2.40199e-10,    9.71172e-11
-1.21356e-10,    1.60373e-10,    -1.21356e-10
2.89898e-11,    4.06594e-11,    2.89898e-11
-4.76133e-11,    1.83144e-10,    -4.76133e-11
-2.86917e-11,    -2.02454e-10,    -2.86917e-11
2.16631e-10,    -9.76156e-11,    2.16631e-10
-1.21756e-11,    1.63149e-11,    -1.21756e-11
-3.96034e-10,    4.29165e-10,    -3.96034e-10
1.25419e-11,    -5.36566e-11,    1.25419e-11
-1.94551e-10,    2.41853e-11,    -1.94551e-10
1.66916e-10,    2.16589e-10,    1.66916e-10
1.25053e-10,    2.84001e-11,    1.25053e-10
3.14258e-10,    2.53333e-10,    3.14258e-10
-2.15884e-10,    3.71845e-11,    -2.15884e-10
-4.18871e-11,    1.05648e-11,    -4.18871e-11
-1.85905e-11,    -2.38332e-10,    -1.85905e-11
-2.49528e-10,    1.92072e-10,    -2.49528e-10
-9.52526e-11,    -6.71508e-11,    -9.52526e-11
1.51956e-10,    -1.04076e-11,    1.51956e-10
1.82909e-10,    1.11113e-11,    1.82909e-10
1.33533e-10,    -1.26496e-10,    1.33533e-10
1.51507e-10,    -1.80645e-10,    1.51507e-10
1.44964e-10,    4.51798e-10,    1.44964e-10
2.17695e-10,    -1.14355e-10,    2.17695e-10
4.1682e-11,    -1.18443e-10,    4.1682e-11
-5.32739e-11,    -6.25391e-11,    -5.32739e-11
-1.13345e-10,    -4.41741e-11,    -1.13345e-10
1.36952e-10,    5.95125e-11,    1.36952e-10
8.11648e-11,    3.03988e-10,    8.11648e-11
1.61044e-10,    4.47473e-11,    1.61044e-10
-1.34384e-10,    -3.09127e-10,    -1.34384e-10
-1.93267e-13,    -7.51464e-13,    -1.93267e-13
-3.77408e-10,    2.94317e-10,    -3.77408e-10
-3.92603e-11,    -6.35042e-11,    -3.92603e-11
1.37117e-10,    2.0364e-10,    1.37117e-10
1.29947e-10,    4.2649e-11,    1.29947e-10
2.34396e-11,    4.25177e-10,    2.34396e-11
2.1486e-10,    1.31441e-10,    2.1486e-10
4.08105e-11,    -3.08706e-11,    4.08105e-11
2.20764e-11,    -5.17084e-11,    2.20764e-11
-8.98924e-11,    -1.2707e-10,    -8.98924e-11
1.86527e-10,    7.79514e-11,    1.86527e-10
-1.22301e-10,    -4.56625e-11,    -1.22301e-10
-1.55157e-11,    -1.43792e-10,    -1.55157e-11
-3.96465e-10,    2.90779e-10,    -3.96465e-10
1.64969e-10,    5.68087e-11,    1.64969e-10
8.29029e-11,    -1.54289e-10,    8.29029e-11
6.59203e-11,    7.60813e-12,    6.59203e-11
-1.32408e-10,    1.3677e-10,    -1.32408e-10
6.36771e-12,    1.00687e-11,    6.36771e-12
-1.12104e-10,    2.71626e-11,    -1.12104e-10
4.79962e-11,    3.9344e-11,    4.79962e-11
2.83995e-10,    3.09191e-10,    2.83995e-10
1.15353e-10,    -2.87175e-11,    1.15353e-10
-8.12086e-11,    -1.45214e-11,    -8.12086e-11
-1.42254e-10,    2.31174e-11,    -1.42254e-10
5.16599e-11,    -1.11709e-10,    5.16599e-11
3.17461e-12,    1.48792e-11,    3.17461e-12
7.75269e-11,    1.6063e-10,    7.75269e-11
-5.41104e-11,    2.00211e-11,    -5.41104e-11
9.41589e-11,    -1.48956e-10,    9.41589e-11
-7.66136e-11,    7.14467e-11,    -7.66136e-11
-1.04075e-10,    3.67595e-11,    -1.04075e-10
-2.50848e-10,    -1.21217e-10,    -2.50848e-10
3.48149e-12,    1.53459e-10,    3.48149e-12
4.17877e-11,    2.73786e-10,    4.17877e-11
8.77402e-11,    1.9747e-11,    8.77402e-11
-4.60356e-11,    -1.10696e-10,    -4.60356e-11
7.21392e-11,    1.32023e-10,    7.21392e-11
1.67397e-10,    -1.00303e-10,    1.67397e-10
-2.3495e-12,    3.48296e-11,    -2.3495e-12
5.02893e-11,    1.50603e-10,    5.02893e-11
-9.35893e-11,    2.3173e-10,    -9.35893e-11
3.77001e-11,    7.2123e-11,    3.77001e-11
-5.78259e-12,    -1.39971e-10,    -5.78259e-12
-9.46068e-11,    3.07443e-10,    -9.46068e-11
-1.68661e-11,    -1.2865e-11,    -1.68661e-11
-2.38788e-11,    2.66409e-10,    -2.38788e-11
-6.60417e-11,    1.09684e-10,    -6.60417e-11
-7.33513e-11,    -2.80449e-11,    -7.33513e-11
-8.7507e-12,    1.07995e-10,    -8.7507e-12
-1.87319e-10,    -1.50656e-10,    -1.87319e-10
1.48805e-11,    -3.99005e-11,    1.48805e-11
-2.43081e-11,    8.99657e-11,    -2.43081e-11
-7.07346e-11,    1.84067e-11,    -7.07346e-11
-2.87584e-11,    1.66246e-11,    -2.87584e-11
-2.21549e-10,    4.2055e-11,    -2.21549e-10
3.92664e-10,    1.045e-10,    3.92664e-10
-4.03551e-10,    3.20143e-10,    -4.03551e-10
1.03321e-10,    -1.79703e-12,    1.03321e-10
7.92567e-11,    -3.4251e-11,    7.92567e-11
-2.9899e-11,    -1.26212e-10,    -2.9899e-11
2.60196e-10,    -4.13544e-11,    2.60196e-10
-1.61825e-10,    -1.34181e-10,    -1.61825e-10
-5.87348e-11,    -1.17496e-10,    -5.87348e-11
-1.1197e-11,    2.23893e-10,    -1.1197e-11
7.47669e-10,    5.56118e-10,    7.47669e-10
1.6024e-11,    -1.4939e-10,    1.6024e-11
-1.45674e-10,    1.12822e-10,    -1.45674e-10
1.02025e-10,    5.71435e-11,    1.02025e-10
-3.15712e-11,    2.49583e-10,    -3.15712e-11
1.64152e-10,    -1.73211e-10,    1.64152e-10
-1.33489e-10,    -2.12944e-10,    -1.33489e-10
1.17125e-10,    1.24547e-11,    1.17125e-10
8.33152e-11,    3.4437e-11,    8.33152e-11
-3.21451e-10,    1.5395e-11,    -3.21451e-10
-7.19004e-11,    7.87594e-11,    -7.19004e-11
2.25197e-10,    -6.87563e-12,    2.25197e-10
4.67007e-10,    -2.85406e-10,    4.67007e-10
-2.22535e-11,    7.15595e-12,    -2.22535e-11
5.44278e-11,    8.99476e-11,    5.44278e-11
-1.29629e-10,    -2.19202e-10,    -1.29629e-10
1.65742e-10,    -2.14213e-10,    1.65742e-10
3.00883e-10,    -2.13066e-10,    3.00883e-10
-6.031e-11,    1.52732e-12,    -6.031e-11
-6.9635e-11,    3.30266e-11,    -6.9635e-11
1.23031e-10,    1.16193e-10,    1.23031e-10
-1.08471e-10,    1.30336e-10,    -1.08471e-10
1.18221e-10,    -1.85659e-11,    1.18221e-10
-2.4823e-10,    2.3059e-10,    -2.4823e-10
-7.5423e-11,    4.04754e-11,    -7.5423e-11
2.03697e-10,    -1.70589e-10,    2.03697e-10
-1.21532e-10,    -1.88876e-10,    -1.21532e-10
2.30122e-10,    4.20673e-10,    2.30122e-10
1.50963e-10,    -2.84345e-10,    1.50963e-10
-1.87891e-10,    4.09434e-11,    -1.87891e-10
4.89385e-12,    -1.77e-11,    4.89385e-12
-5.29741e-11,    1.66905e-10,    -5.29741e-11
4.60907e-11,    -6.57006e-11,    4.60907e-11
-2.51349e-10,    -2.19085e-11,    -2.51349e-10
3.04057e-10,    4.77689e-11,    3.04057e-10
2.26911e-10,    -2.10236e-12,    2.26911e-10
2.19625e-11,    6.39697e-11,    2.19625e-11
-5.93937e-12,    1.01188e-10,    -5.93937e-12
2.30214e-11,    -5.28965e-11,    2.30214e-11
-1.69745e-10,    -7.86281e-11,    -1.69745e-10
5.42927e-12,    1.20302e-10,    5.42927e-12
4.68062e-11,    1.98687e-12,    4.68062e-11
-1.14463e-10,    3.82603e-11,    -1.14463e-10
3.22299e-11,    1.43108e-10,    3.22299e-11
1.24543e-11,    -8.48874e-12,    1.24543e-11
-1.13925e-10,    -2.56951e-10,    -1.13925e-10
-5.28808e-11,    -1.45387e-10,    -5.28808e-11
-1.85087e-10,    -1.28042e-10,    -1.85087e-10
-1.18162e-11,    -4.79259e-12,    -1.18162e-11
1.65767e-11,    1.01372e-11,    1.65767e-11
-5.49968e-11,    1.95088e-10,    -5.49968e-11
-1.11245e-10,    7.38823e-11,    -1.11245e-10
2.73237e-10,    -2.23888e-10,    2.73237e-10
3.29912e-10,    2.24264e-10,    3.29912e-10
5.36766e-11,    1.56548e-10,    5.36766e-11
-1.14755e-10,    2.31835e-10,    -1.14755e-10
-1.91266e-10,    1.2186e-11,    -1.91266e-10
-6.75716e-11,    -2.14654e-11,    -6.75716e-11
-6.71865e-10,    -4.05399e-10,    -6.71865e-10
1.6927e-10,    2.78611e-11,    1.6927e-10
-1.87699e-10,    -7.49792e-11,    -1.87699e-10
-4.01016e-11,    1.28134e-10,    -4.01016e-11
1.49177e-11,    -4.6346e-11,    1.49177e-11
-1.02135e-10,    -3.466e-12,    -1.02135e-10
-2.35352e-10,    2.1108e-10,    -2.35352e-10
3.46665e-10,    -2.27503e-10,    3.46665e-10
4.74409e-11,    -1.75228e-10,    4.74409e-11
3.7813e-11,    -1.10484e-10,    3.7813e-11
-3.1839e-10,    -8.99224e-11,    -3.1839e-10
-9.11407e-11,    2.2716e-10,    -9.11407e-11
-3.25598e-11,    -6.20617e-11,    -3.25598e-11
-1.2485e-10,    8.69108e-11,    -1.2485e-10
1.09423e-10,    4.50955e-11,    1.09423e-10
3.89514e-13,    -6.72468e-12,    3.89514e-13
-2.59845e-10,    -4.11762e-10,    -2.59845e-10
7.74648e-11,    -3.85841e-11,    7.74648e-11
3.78095e-11,    1.11155e-10,    3.78095e-11
-6.20403e-11,    2.62887e-10,    -6.20403e-11
4.92932e-11,    4.27566e-11,    4.92932e-11
1.24981e-11,    9.81481e-12,    1.24981e-11
-1.55137e-10,    -4.63499e-11,    -1.55137e-10
3.37315e-10,    -4.01255e-11,    3.37315e-10
-4.6501e-11,    -7.16771e-12,    -4.6501e-11
9.51481e-11,    3.77311e-11,    9.51481e-11
-1.11427e-10,    4.97703e-11,    -1.11427e-10
1.40743e-11,    3.3423e-11,    1.40743e-11
2.87799e-10,    -9.15131e-11,    2.87799e-10
-6.89062e-11,    -1.50945e-10,    -6.89062e-11
2.1204e-10,    2.85894e-10,    2.1204e-10
5.97246e-11,    4.28108e-11,    5.97246e-11
-6.45427e-11,    -4.68003e-10,    -6.45427e-11
1.18202e-10,    -5.0852e-11,    1.18202e-10
-3.4202e-11,    3.34698e-11,    -3.4202e-11
5.15595e-11,    2.2753e-10,    5.15595e-11
-2.25905e-11,    -9.61279e-11,    -2.25905e-11
1.13783e-10,    1.80632e-10,    1.13783e-10
-8.89207e-11,    -4.61767e-11,    -8.89207e-11
-6.67793e-11,    -4.0483e-11,    -6.67793e-11
-1.08798e-10,    -4.40684e-11,    -1.08798e-10
-2.27166e-11,    1.02224e-10,    -2.27166e-11
2.53175e-11,    -6.03615e-11,    2.53175e-11
4.13981e-10,    -2.74386e-10,    4.13981e-10
5.45672e-11,    8.7868e-11,    5.45672e-11
1.20769e-11,    5.39221e-12,    1.20769e-11
-1.63902e-10,    1.53264e-10,    -1.63902e-10
6.89469e-11,    1.29752e-10,    6.89469e-11
-1.80898e-11,    7.75112e-11,    -1.80898e-11
-3.92591e-11,    2.25223e-11,    -3.92591e-11
-3.21657e-10,    2.81857e-10,    -3.21657e-10
5.12721e-11,    -2.0377e-11,    5.12721e-11
1.46937e-10,    -8.39707e-11,    1.46937e-10
3.28388e-11,    2.89168e-11,    3.28388e-11
1.98168e-11,    1.59206e-10,    1.98168e-11
5.11485e-11,    -3.94565e-11,    5.11485e-11
1.72278e-10,    5.06335e-11,    1.72278e-10
-1.27698e-10,    -2.63956e-10,    -1.27698e-10
-2.93884e-11,    1.11344e-11,    -2.93884e-11
1.3914e-13,    9.20192e-11,    1.3914e-13
-5.81768e-11,    -4.75943e-11,    -5.81768e-11
3.52392e-11,    -3.25371e-10,    3.52392e-11
-1.7148e-10,    -4.91149e-10,    -1.7148e-10
-6.00943e-14,    -3.84928e-10,    -6.00943e-14
-7.26574e-11,    3.73371e-11,    -7.26574e-11
3.33439e-11,    6.82972e-11,    3.33439e-11
-1.71812e-10,    4.23433e-11,    -1.71812e-10
-3.80762e-11,    -1.40824e-11,    -3.80762e-11
-1.16452e-10,    2.44832e-11,    -1.16452e-10
5.08853e-11,    5.60011e-11,    5.08853e-11
-2.35854e-11,    -9.59274e-11,    -2.35854e-11
-1.72751e-10,    -5.64844e-11,    -1.72751e-10
1.22513e-10,    1.47054e-10,    1.22513e-10
-3.04261e-11,    -3.28779e-12,    -3.04261e-11
3.63081e-11,    4.16941e-11,    3.63081e-11
-3.52994e-11,    -8.80852e-11,    -3.52994e-11
-7.68517e-11,    -1.96322e-10,    -7.68517e-11
-2.61866e-11,    -2.30029e-11,    -2.61866e-11
-1.43187e-10,    2.51703e-10,    -1.43187e-10
9.31814e-11,    -4.76045e-11,    9.31814e-11
1.11935e-10,    3.72741e-11,    1.11935e-10
1.11794e-10,    6.75143e-11,    1.11794e-10
1.31943e-10,    -1.82853e-10,    1.31943e-10
-1.6325e-11,    2.5448e-11,    -1.6325e-11
-2.42498e-10,    8.40531e-11,    -2.42498e-10
3.1596e-12,    2.62422e-10,    3.1596e-12
1.18146e-10,    -3.83398e-11,    1.18146e-10
9.95486e-11,    7.44188e-11,    9.95486e-11
-6.12825e-11,    -1.78446e-10,    -6.12825e-11
1.81664e-10,    1.03909e-10,    1.81664e-10
5.70894e-11,    4.5556e-11,    5.70894e-11
9.51403e-11,    1.36016e-10,    9.51403e-11
-3.11408e-10,    1.89285e-11,    -3.11408e-10
-1.19017e-11,    -1.42046e-11,    -1.19017e-11
1.94752e-10,    -3.04355e-10,    1.94752e-10
3.51087e-11,    -2.11301e-11,    3.51087e-11
4.2767e-11,    -7.92423e-11,    4.2767e-11
-3.27713e-11,    6.1809e-11,    -3.27713e-11
-9.1491e-11,    -1.72392e-10,    -9.1491e-11
-2.84664e-12,    -6.72493e-11,    -2.84664e-12
-6.64204e-11,    -8.07548e-11,    -6.64204e-11
9.10298e-11,    -1.21873e-10,    9.10298e-11
-1.61725e-10,    2.4562e-10,    -1.61725e-10
5.42699e-11,    -1.45581e-11,    5.42699e-11
-7.27467e-12,    8.53195e-11,    -7.27467e-12
-8.35544e-11,    2.30255e-10,    -8.35544e-11
1.30953e-10,    1.69136e-10,    1.30953e-10
2.53696e-11,    -6.04202e-11,    2.53696e-11
3.35262e-11,    4.83438e-11,    3.35262e-11
4.89265e-11,    4.269e-11,    4.89265e-11
2.06122e-10,    -6.49382e-11,    2.06122e-10
2.23911e-10,    8.33975e-11,    2.23911e-10
-1.55457e-10,    2.26081e-11,    -1.55457e-10
-1.06329e-10,    -1.4865e-10,    -1.06329e-10
-2.5651e-11,    -7.14108e-11,    -2.5651e-11
-1.63779e-11,    -7.24653e-12,    -1.63779e-11
8.54502e-10,    4.34941e-10,    8.54502e-10
-1.51067e-12,    -3.81464e-11,    -1.51067e-12
1.5391e-11,    -1.51408e-11,    1.5391e-11
-1.66641e-10,    2.22222e-10,    -1.66641e-10
1.57571e-11,    -2.6999e-11,    1.57571e-11
9.8228e-11,    -1.73089e-10,    9.8228e-11
-2.33277e-11,    2.44027e-10,    -2.33277e-11
-2.21231e-11,    8.80604e-14,    -2.21231e-11
1.94981e-10,    9.78059e-11,    1.94981e-10
-1.23572e-10,    -5.17661e-11,    -1.23572e-10
-1.94535e-10,    -5.19996e-11,    -1.94535e-10
3.96365e-11,    4.05273e-11,    3.96365e-11
2.11692e-10,    -3.58527e-10,    2.11692e-10
5.33641e-11,    1.52017e-10,    5.33641e-11
6.14953e-11,    -9.4454e-11,    6.14953e-11
5.57612e-12,    -6.02726e-11,    5.57612e-12
8.88224e-11,    1.87893e-10,    8.88224e-11
-1.06566e-09,    -3.44195e-10,    -1.06566e-09
-2.00186e-10,    -2.93948e-10,    -2.00186e-10
-1.83214e-10,    5.15735e-11,    -1.83214e-10
-2.59666e-10,    -4.02805e-10,    -2.59666e-10
2.7749e-11,    6.7257e-11,    2.7749e-11
-2.47725e-10,    -1.93001e-10,    -2.47725e-10
-2.31063e-10,    5.5038e-11,    -2.31063e-10
-4.15283e-11,    -1.17519e-10,    -4.15283e-11
1.41441e-10,    1.15159e-10,    1.41441e-10
1.99002e-10,    -4.72531e-10,    1.99002e-10
2.16503e-10,    2.79414e-10,    2.16503e-10
7.33389e-11,    -1.65234e-10,    7.33389e-11
7.46575e-12,    -1.72481e-12,    7.46575e-12
1.06498e-10,    -1.40017e-11,    1.06498e-10
-7.92748e-11,    -2.05439e-10,    -7.92748e-11
-1.8759e-12,    -4.01968e-11,    -1.8759e-12
9.97834e-11,    -1.7999e-10,    9.97834e-11
